-4128,1636,16908,-665,94,131
-4104,1648,17028,-651,65,162
-4216,1640,17128,-578,72,244
-4264,1516,17000,-478,101,233
-4192,1492,16940,-281,72,371
-4304,1636,17084,-139,-44,442
-4132,1636,17012,-52,-94,500
-4024,1640,17044,28,-69,590
-4128,1700,17000,31,-128,578
-4048,1956,16876,98,-192,571
-3928,1920,16888,-16,-144,461
-4064,1796,16832,-265,44,327
-4060,1868,16980,-287,56,348
-4012,1812,16924,-334,-17,282
-4048,1768,17024,-310,-29,292
-4024,1776,17028,-283,-76,357
-4116,1892,17020,-218,-98,352
-3872,1796,17008,-135,-78,455
-3992,1820,17028,-131,-120,440
-3896,2076,16964,-208,-185,362
-4324,1884,17704,-334,-243,349
-4472,1896,17732,-603,-970,619
-3644,1940,16984,-628,-1388,779
-3800,1920,17132,-896,-1161,515
-3288,1908,16540,-833,-1370,627
-4080,1988,18092,-1081,-1062,447
-3364,1712,16980,-1397,-995,521
-3044,1764,16708,-1607,-651,395
-3708,1364,17664,-1624,-484,221
-3200,1108,17312,-1130,-365,231
-3328,1260,17544,-792,-380,293
-3220,1276,17296,-453,-484,376
-3116,1352,17156,128,-191,363
-3128,1508,17192,176,48,320
-2692,1400,16992,456,374,256
-2612,1264,17120,898,642,275
-2972,1596,17096,1500,1103,325
-3224,2216,16748,1387,1584,85
-3228,2228,16664,335,2034,-139
-3420,2124,17048,-559,1882,-254
-3532,1688,17328,-424,2059,-366
-3388,1764,17296,-175,2312,-279
-3212,2276,16444,-1267,3708,-1140
-2384,1976,19008,-2437,8955,-3668
-5804,3600,19748,-1984,12646,-6874
-6188,1572,17748,-4537,15409,-7709
-7436,2776,17376,-12122,17086,-7812
-5728,-1616,16436,-10448,20388,-7582
-2224,-60,20648,-5716,19364,-7353
-6068,5728,32767,-619,7520,-3751
588,5784,16500,-2881,-2041,1618
-776,5184,19020,377,-3722,6508
-1044,2184,19716,-577,-9318,8083
-2860,704,21240,1963,-14015,7390
-3644,492,19736,3113,-17188,6182
-5192,2116,18928,4470,-17812,5803
-6956,3440,20660,5842,-18064,6956
-6764,3264,18500,6247,-17631,8561
-6284,1568,16808,6688,-14911,9346
-7580,-872,18728,6250,-9478,8065
-16484,4100,26952,10531,-15300,10448
-12080,-2312,11296,907,-16237,8062
-19828,-6028,8912,4168,-11944,4045
-21040,-11176,-20368,-767,8428,-4371
-4,5692,5476,-4748,17000,-7710
-8040,3152,25816,-4858,13678,-1937
-4184,2624,19888,84,10715,-2184
-6708,6480,20804,-1793,6843,-659
-3028,1972,17544,-2500,3076,-535
-3460,2604,17524,-1494,1730,-175
-4176,2812,18108,-483,1131,222
-3148,3320,16360,-570,1185,263
-3668,3440,16816,-1854,1580,-79
-3884,3200,16856,-2761,1318,-196
-3508,3192,17348,-1546,1365,-127
-4024,2784,17360,-1751,1492,-384
-4260,2460,16876,-1725,1600,-390
-4060,2484,16948,-1641,1633,-427
-4336,2660,17036,-1666,1868,-512
-4360,2516,16936,-1240,1475,-240
-4548,2220,16792,-1159,1165,-232
-4544,2172,17072,-976,899,-193
-4692,2136,16924,-867,740,-84
-4624,1948,16824,-629,650,19
-4744,2136,16740,-500,506,104
-4744,1928,16876,-378,81,184
-4528,2252,16640,-553,-1,-81
-4256,2124,16584,-1069,509,-469
-4484,2012,16868,-1052,1157,-632
-3928,1928,16508,-1089,2149,-1106
-4152,1616,17044,-1081,4224,-1594
-4680,2396,16536,-1617,6949,-2123
-4968,2276,16916,-2929,9481,-3073
-6208,464,16776,-3460,11764,-3848
-6620,1168,16440,-2249,14966,-5328
-7828,500,16780,-2,19425,-7317
-7564,-1832,16064,2862,24835,-8078
-28,-1216,29072,828,20787,-10379
-3584,7360,26380,6740,-171,-6619
520,3256,15624,2401,-2038,-2523
-920,3720,18920,1041,-5718,961
-1600,2224,18800,1581,-11454,2937
-3412,3484,17932,474,-15165,3696
-6200,5888,19488,1059,-17701,6551
-7376,3932,19400,1101,-20017,8689
-8328,3560,19148,2022,-20717,8056
-8792,4368,18164,3139,-19110,7696
-6672,1900,13452,3194,-13936,6988
-9548,-724,20452,7542,-7794,4994
-15484,2224,26076,10707,-11335,4701
-14608,1260,16364,5785,-18190,3925
-19360,3528,13820,7094,-19529,5294
-20996,-4084,-11544,932,-2522,5012
-3608,4832,19636,-8163,10321,2554
-3504,-6496,28472,-9089,22240,-4428
-6672,6232,20088,-4678,16301,-4481
-8452,6144,22868,-4331,12327,-3568
-3704,-2252,20956,-4330,2234,-697
-3752,1520,17544,-5027,1123,-813
-3728,1324,17704,-2928,998,-226
-3356,2356,16536,-1285,739,165
-3664,2008,17108,-1204,550,90
-3872,2172,17244,-1085,528,44
-3720,1680,16908,-1066,566,15
-3460,1768,16892,-758,669,182
-4364,1668,17968,-520,871,265
-3704,2060,16744,-123,845,387
-4160,1756,17316,-166,884,319
-4124,2104,17232,-48,739,261
-4160,2028,17016,6,408,316
-4040,2128,16864,-128,123,281
-4168,2016,16832,-267,36,186
-4136,1956,16844,-328,-177,166
-3964,1972,17000,-221,-236,161
-3988,1700,16976,0,-270,247
-3852,1884,17104,444,-80,404
-3976,2388,16980,410,313,345
-3832,2584,16508,-423,411,35
-3792,2496,16484,-1382,496,-455
-3800,2216,16952,-1956,514,-1036
-4048,1912,17108,-1831,988,-1332
-3972,1724,17124,-1574,1433,-1545
-3792,1532,17288,-1368,2189,-1929
-4140,1684,17340,-1201,4712,-2210
-4680,1008,17644,-845,7512,-2641
-4964,1368,16800,-1330,10410,-1822
-5668,1144,17200,-1662,14022,-2705
-5936,2288,15928,-2847,17666,-3773
-7424,1248,16816,-3792,22057,-5144
-8356,-2012,15684,-1090,27484,-7713
-8564,1500,15416,6422,31152,-8804
3204,3336,22804,59,25140,-11150
-8860,12212,32767,6251,9157,-4138
-2600,11876,19448,-3386,-7236,4309
-2880,5264,19164,-1224,-14645,9875
-3620,2648,16412,-902,-20738,10087
-7364,2572,18356,2652,-24973,9726
-10352,4396,16280,3467,-25617,10237
-12496,5816,17284,2131,-23600,14247
-13116,2872,18532,932,-21561,15872
-14508,60,20660,711,-18669,13574
-14272,-556,17416,909,-18481,9547
-16260,-640,19252,3667,-16683,4913
-13360,-1724,8616,4777,-14961,1256
-16088,-3064,6708,5827,-10305,-1794
-14220,-7072,-5360,-3405,7106,-8266
3708,10364,12716,-3264,8774,-8373
-8640,11080,19824,-5935,19631,-4453
-4532,-1044,20564,-4585,14759,-3778
-19560,9316,32767,-9145,2940,-1638
-5528,5480,17704,-3489,1838,-286
-4288,2604,17940,-3066,1307,-271
-3964,2008,17520,-1810,667,-44
-3036,2356,16084,-1960,1073,-142
-3748,1972,16760,-1899,1077,-141
-4088,1484,17136,-1294,955,-140
-4256,1812,17352,-559,935,54
-4084,2128,17008,-605,781,-27
-4360,1712,17188,-618,464,-6
-4372,1820,17112,-460,277,122
-4244,1704,17004,-349,172,241
-4136,1700,16916,-125,204,315
-4156,1568,16836,13,393,323
-4296,1872,16808,62,467,357
-4232,1856,16804,-149,358,232
-4292,1908,16996,-191,245,178
-4592,1648,17116,-53,-113,265
-4184,2084,16920,170,-278,378
-4068,2104,16944,-192,-102,274
-4256,1932,16768,-379,-6,172
-4192,1936,17008,-273,-42,192
-4168,2116,16672,-434,-183,-4
-4152,1820,16820,-601,-153,-118
-4112,1824,17008,-413,65,-19
-4004,2060,16784,-501,296,-135
-4188,1964,16992,-756,519,-462
-4088,2012,16820,-905,837,-582
-4228,1840,16892,-996,1108,-807
-3896,1584,17012,-965,1621,-977
-3700,1864,16740,-779,3058,-984
-4480,1260,17156,-1093,5039,-1626
-5000,1828,16988,-1764,7382,-1610
-5240,928,17252,-2401,9001,-2497
-5988,892,16284,-1504,10264,-2608
-6048,1336,16148,-389,11457,-3091
-8056,412,15416,-1408,11790,-3171
-8548,604,14880,-1117,11575,-3540
-9072,-144,14328,-338,11767,-3485
-9708,216,13760,-405,12276,-3055
-9716,-856,14116,1098,13653,-3010
-4816,-2368,21252,-551,10732,-5012
-8576,6288,25064,9840,953,-2801
-3504,5176,17136,-3613,-9057,-225
-1360,1940,12608,2170,-7386,1637
-5260,2956,18580,1768,-9493,1759
-5632,3564,16128,1952,-12301,3242
-5452,2152,15624,1739,-12529,4256
-7548,2236,17888,1971,-12731,4365
-9112,2580,16828,1640,-13957,5125
-9024,1028,15040,1045,-12149,4772
-11564,928,14676,1371,-9933,4472
-12616,708,13508,1054,-7067,4418
-11472,180,11520,-332,-4536,4931
-9876,-428,17000,-529,-4511,4842
-5204,500,14240,-2501,-5177,3568
-440,1900,6444,-3407,-1500,2503
7176,1684,-15384,-9345,16926,-49
-24388,-25644,18636,-4176,8745,2125
-5732,2164,16856,325,2362,871
-5712,1800,17068,-469,1529,316
-5404,1652,16824,-744,606,-243
-5968,1276,16800,-586,-822,-52
-4828,1392,16628,-524,-1895,203
-4664,1448,16904,-525,-1281,376
-4336,1464,16796,-501,-757,337
-4232,1324,16784,-350,-27,275
-4200,1444,16708,-201,786,203
-4752,1392,16780,-272,1483,197
-4992,1508,16656,-279,1577,169
-5040,1356,16508,-317,1275,224
-5268,1588,16540,-209,443,411
-5348,1464,16636,-336,-482,215
-5048,1488,16716,-319,-905,325
-4668,1484,16764,-330,-697,276
-4396,1356,16576,-392,-8,134
-4344,1376,16852,-301,1115,86
-4348,1720,16504,-528,2546,-115
-4524,1704,17144,-1031,4464,-479
-4708,1736,16784,-2089,6106,-1404
-6336,916,16248,-1231,5689,-13
-8896,-24,15572,-136,733,3022
-7488,1456,15920,154,-3501,2378
-6972,1720,16176,-358,-7192,-204
-5780,1216,17596,-465,-8023,71
-2828,1144,15924,-1021,-7362,1212
-4400,1488,17816,-45,-1057,664
-3624,1212,16596,217,1038,451
-4020,1068,17040,268,2358,220
-4928,1376,16852,380,2805,248
-5444,1652,17084,148,2202,323
-5224,1448,16692,-147,1153,216
-4836,1596,16640,-390,744,49
-4748,1452,16488,-515,956,5
-4452,1428,16732,-620,2785,-301
-4948,1356,17076,-558,4956,-638
-5124,1284,16956,-771,6776,-700
-5932,496,16188,-71,7628,-277
-9704,508,14792,885,932,2023
-7692,2468,15268,230,-5381,1447
-6124,1496,16552,-845,-8138,-878
-4864,1468,16896,-641,-6886,-593
-4088,1776,16964,-1285,-3938,-387
-4008,868,16780,-906,-1295,38
-4228,952,16728,-154,620,424
-4688,1216,16616,182,1165,600
-5052,1256,16744,294,1035,566
-5108,1556,16752,240,814,512
-5072,1536,16532,-94,615,368
-4884,1584,16692,-464,434,-43
-4664,1412,16740,-565,891,-36
-4228,1260,16852,-572,2955,-74
-4488,1732,16948,-874,6149,-273
-4292,1568,16804,-1833,9552,-1200
-6564,1220,15216,-1043,8837,-1408
-5148,1360,17228,313,-1331,2111
-21576,-1600,8356,-206,-8562,4708
-6100,1892,16564,-231,-10170,-800
-3280,948,16860,297,-7315,-413
-2852,1592,16868,34,-583,832
-4168,1224,16852,144,2613,762
-5788,1400,16648,239,3028,1348
-5968,1660,16460,147,917,865
-5864,1468,16440,-155,-977,105
-5036,1604,16552,-405,-1913,-109
-4664,1520,16564,-654,-1117,-281
-4796,1448,16760,-476,38,303
-4976,1476,16484,-475,618,339
-4988,1488,16564,-599,1106,107
-5084,1344,16668,-572,1761,47
-5300,1340,16524,-465,2229,224
-5584,1560,16572,-387,2191,341
-6020,1468,16328,-365,1421,195
-5992,1320,16192,-317,236,170
-5672,1376,16456,-147,-206,448
-5252,1668,16468,-339,594,350
-4936,1600,16552,-558,2324,12
-5852,1596,15976,-762,3755,226
1692,4396,21160,-3030,-4363,5789
-15928,-1120,13168,-3290,-5945,8252
-4388,4920,15656,-806,-4668,-363
-3148,916,16976,-511,-1235,-318
-4128,1384,16792,47,1931,463
-6712,1156,16616,651,2827,1704
-5668,2100,16288,166,-362,863
-4680,1768,16596,-312,-509,-250
-3552,1056,17160,110,2186,-960
-4020,144,17132,1113,5531,-1124
120,1364,20124,2690,1077,-2210
-3096,1440,17740,1537,-6075,-4797
-23204,4124,8500,709,-4349,-4517
-4060,120,16828,-418,-4282,252
-4052,1468,16856,-392,-2242,32
-4180,1248,16900,42,-253,611
-4380,1668,16872,191,862,661
-4172,1928,16644,-98,1979,349
-4240,1884,16716,-397,3233,-119
-5128,1720,16780,-474,4015,-506
-5372,1508,16736,-638,4421,-665
-6088,1192,16604,-521,3893,-359
-6332,1756,16400,-790,3185,-149
-5424,948,16648,-1056,4222,-124
-4896,2112,16628,-1549,8997,368
-4152,1024,17280,-1611,15926,-929
-8676,140,14800,-218,14153,-1169
14908,4424,30256,3684,-14836,4125
-32768,-1804,-3640,-7079,-15050,8579
-5220,10184,13848,-731,-5385,1290
-5532,744,16884,-280,219,-1191
-7116,764,15900,1105,2692,2315
-7588,2664,14960,937,161,2100
-7516,2372,15288,-628,-3706,472
-6496,2412,16016,-1658,-7434,-862
-5120,1544,16908,-795,-6565,-1935
-6148,724,17468,-79,-5021,-453
-3440,1788,16164,-617,-4903,-231
-4176,1376,16980,-730,-2090,80
-4352,1572,16876,-197,-1022,546
-3812,1596,16672,23,-1263,596
-4540,1892,16764,158,-92,478
-4496,1720,16688,32,-144,368
-4672,1792,16956,-113,-328,325
-4112,1900,16688,-95,-339,428
-4324,1840,16856,-349,103,235
-4296,1936,16824,-329,431,203
-4192,1760,16716,-410,939,50
-4596,1656,16952,-201,1681,55
-4452,1952,16580,-240,1563,9
-3592,2072,16740,-630,2888,-471
-1220,-600,20120,207,2064,-1673
4928,-3244,22808,2791,-3902,-6609
-10568,-2444,14260,5642,-5983,-13861
-8352,-100,23396,-4029,-3662,25
-4824,2724,16936,184,2123,633
-4672,2088,16780,-159,2340,506
-4772,1844,16760,-388,1445,238
-5496,1748,16856,-519,406,-90
-5576,1820,16768,-234,-962,366
-4472,1708,16796,-554,-1691,187
-4504,1656,16960,-405,-998,385
-4444,1580,16956,-209,-574,455
-4312,1884,16752,-248,-400,342
-4168,1796,16672,-371,746,82
-3812,1740,16420,-269,1698,12
-3884,1620,17196,-459,3492,-269
-6024,2008,17072,-123,4487,399
-6244,1684,16284,-276,2246,505
-6212,1732,16368,-416,-345,229
-6852,1544,16920,-165,-2860,492
-8796,2612,15396,-428,-8281,890
748,544,16372,-1674,-2022,-944
-4668,1028,17616,-267,792,190
-4432,1636,16632,-37,1370,286
-4592,1776,16572,-229,1549,-3
-5460,1596,16976,-404,1096,-54
-5680,1708,17072,-482,-426,189
-4096,1800,16544,-623,-1003,173
-4304,1476,16864,-435,451,180
-5036,1672,16900,-437,553,292
-3988,1404,16468,-259,97,335
-4580,1488,16764,-132,1204,223
-5020,1272,17012,-141,430,-177
-3984,-2088,18800,2422,-2639,-3371
-3488,4392,14376,-51,-309,-3595
-5164,1180,17988,-51,3210,-386
-5344,1644,16588,-265,2544,163
-1388,2156,19416,-441,-200,1318
-4400,1400,16212,-915,-2567,1213
-9044,-1388,15912,-1130,768,1379
-4908,1192,17116,-532,844,-74
-5340,1444,17112,-127,456,658
-4532,1404,16540,-317,-149,157
-5136,1248,16752,-279,512,121
-5256,1528,16816,-1,195,404
-5184,1552,16768,-62,-835,462
-4848,1696,16932,-326,-696,309
-5384,1632,17160,-284,-1151,386
-4288,2248,14668,-166,-3112,929
-2960,1988,15900,-721,352,-154
-4388,1256,17068,95,2524,181
-5104,1716,17000,53,2473,334
-5564,2260,16600,-466,-64,856
-4140,2000,16436,-821,-1141,-147
-4872,1308,17036,-529,-50,118
-5540,1688,16980,-339,-472,458
-6496,2068,17672,-933,-3612,582
-2664,2544,15452,-218,-1829,664
-4540,1172,17484,-132,-53,497
-4336,1852,17036,302,15,779
-3616,1936,16064,47,245,404
-1596,1548,15760,-843,2509,-684
-4800,2032,16880,-141,4221,-774
-5328,1828,17100,86,3580,-812
-5248,1652,16460,-436,2196,-78
-5772,1316,17264,-897,2249,205
-6144,1548,16464,-468,999,789
-6500,1444,16828,-652,-2697,1701
-6548,2760,14556,-1447,-6108,2378
-3724,1548,17064,-1036,-2377,-381
-3964,1480,16700,-304,147,294
-4984,1532,16780,-164,-22,565
-5116,1348,16060,-199,-2701,1021
-3200,1376,16708,-427,299,98
-4412,1320,17012,-222,730,269
-4184,1528,16628,190,813,465
-5324,2124,16972,-434,-1288,383
-3324,1380,16612,-843,272,-124
-4160,1160,17088,-445,922,-52
-4604,1464,17448,316,2129,326
-5516,2092,16760,437,1064,800
-4144,1712,16568,-400,1004,-132
-4540,1712,16736,-337,1907,-207
-4436,1616,16812,-26,3589,-449
-4580,2228,15824,27,4028,-118
-6556,1932,16512,-1613,1118,1757
-6012,1332,16788,-679,-143,288
-6304,1352,16828,-378,-1068,28
-5584,1692,16660,-81,-2140,622
-4036,2112,16020,-480,-3211,482
-4424,1428,17000,-832,-1064,-302
-4996,1436,16988,-220,-187,291
-5240,1876,16060,-87,-933,689
-4288,1720,16780,-241,13,243
-4612,1560,16764,-137,1021,270
-5156,1496,17000,-59,1368,341
-4356,1676,16288,-111,1374,298
-4832,1948,16872,-401,3360,51
-5616,1724,17048,-489,3798,332
-6592,1388,16252,194,3087,969
-7288,2064,15684,79,-513,958
-7220,1572,15220,-742,-6101,1410
-4384,1336,17680,-1289,-5725,-1116
-4528,1516,17340,-1018,-3282,134
-1200,868,16412,-721,-1320,133
-4072,888,16868,-76,2139,-33
-4776,1460,16784,124,2971,162
-4972,1616,17080,174,3379,314
-4712,1812,16688,439,4180,597
-4392,1940,17152,623,8062,52
-5892,2264,15688,1912,10687,-77
-3364,3620,17208,-2489,534,4414
-8592,5924,12404,-8858,-11958,10007
-3648,-556,16880,-1098,-6863,4012
-4196,448,17848,-1397,-5753,-2406
-4428,1880,16400,-168,-1351,988
-4020,1308,16864,-474,839,-3
-5056,1560,16872,-210,1355,527
-5344,1580,16648,-207,212,371
-4796,1712,16824,-197,-538,425
-4552,1576,16932,-96,32,552
-5148,1652,16832,-184,-18,510
-4824,1796,16864,-194,-860,580
-4696,1668,16904,-407,-608,418
-4652,1616,16788,-349,-678,393
-4604,1876,16812,-362,-339,329
-4036,1828,16356,-448,253,117
-4124,1664,16672,-503,1874,-133
-4580,1832,16952,-751,2869,-661
-5336,1712,16860,-1621,2066,-1225
112,4432,20288,-1307,-3627,771
-15968,-1876,9512,-1955,-5457,2630
-6452,2204,18104,373,-1905,1136
-3128,1560,16252,974,172,1136
-3688,2008,16408,-20,1302,204
-4568,1864,17184,-655,1339,-208
-5160,1688,17228,-736,831,-197
-4608,1304,16928,-655,-132,41
-4352,1432,16972,-574,103,4
-4328,1284,16768,-235,387,292
-3644,1416,16508,-115,1389,40
-4220,1772,16832,18,2556,-127
-4280,1956,17088,-454,4253,-585
-5460,2752,16900,-1750,5654,-1310
-2100,740,20364,-2864,-508,3127
-4344,-364,20380,-1260,-9451,5026
-24152,11568,26760,-45,-8203,1359
-1584,180,16540,323,-1240,1054
-2852,888,16304,198,715,396
-3964,1244,16808,-407,1599,-535
-4672,1076,17096,-375,1493,-439
-5140,1284,17200,13,561,409
-4416,1568,16884,-89,-234,400
-4392,1584,17088,-275,134,446
-4452,1476,16968,-478,185,311
-4572,1540,16852,-513,-112,290
-4368,1384,16888,-439,-298,288
-3876,1392,16728,-334,-40,303
-4224,1492,16864,-271,202,282
-4384,1448,16952,-209,526,247
-4772,1292,17184,-146,510,307
-5148,1224,17424,-50,-508,419
-4012,648,17072,493,-800,667
-3816,1976,16520,27,150,355
-4556,1516,16816,-78,296,258
-4072,1616,16600,-224,210,194
-3836,1672,16632,-328,758,57
-4512,1344,17040,-95,1365,44
-4840,1784,17108,163,1353,318
-4568,1724,16616,-115,556,392
-4948,1812,16856,-276,88,512
-5172,1524,16984,-136,-661,535
-4776,1672,17068,23,-1243,678
-4460,1784,17084,23,-591,548
-4180,2040,16692,-88,-588,547
-3736,1736,16284,-287,286,290
-4120,1972,16804,-592,1117,-125
-5064,1768,17368,-430,2167,-222
-5196,1696,17080,-332,1578,118
-5120,1764,16488,-316,189,247
-4460,1844,16716,-717,-153,-88
-4504,1676,16964,-775,359,-167
-5348,1784,17256,-866,312,-298
-5052,1368,16720,-951,-1329,-53
-4324,1712,16640,-816,-1477,211
-5176,1612,17716,-1061,-1404,3
-3600,1412,16632,-559,-1993,256
-2032,1680,14604,-844,225,-252
-3740,688,17368,-1486,3725,-1358
-6152,1432,18036,-888,4312,-1079
-5760,640,16388,-333,2028,-853
-4680,1796,16952,684,-3104,3065
-1832,3292,16008,859,-1919,1275
-4376,1520,17196,406,-521,962
-6028,2096,17476,-183,-2149,857
-3212,928,15836,15,-1922,927
-3588,1284,16644,-541,318,188
-3112,1432,16492,-422,1472,-33
-4892,1628,17044,162,40,645
-4136,1708,16844,99,50,488
-4296,1404,17164,74,350,365
-4192,1616,16904,396,-382,760
-4524,1724,17068,-220,128,178
-4840,1244,17556,322,-388,602
-4088,2192,16452,41,-690,636
-3716,1344,16660,-470,210,186
-3868,1796,16844,-336,1836,-151
-4212,432,17676,337,3889,-380
-6460,2420,16632,41,949,506
-4516,1676,16728,-675,-207,-191
-3712,1680,16780,-166,946,157
-3352,1520,16964,526,4867,155
-3116,328,17852,2025,9597,266
-3880,4560,18288,-456,1657,3537
-10772,5868,12548,-5799,-7059,4681
-4828,3028,16768,-2335,-3459,-3284
-4060,1120,17212,-743,-815,-28
-4436,644,16984,289,1903,30
-5000,1700,16268,471,1086,1384
-4780,1760,16644,-14,2241,106
-6212,1484,16180,613,2305,500
-6648,2728,16184,-280,-2220,860
-5500,1432,16992,-787,-4389,-635
-5452,1156,17304,-196,-4323,-243
-2904,2044,16420,-457,-2747,199
-4160,1876,16636,-176,435,318
-3464,1692,16676,-328,2811,172
-2960,1120,18160,-58,8101,-662
-7548,1160,16224,1002,9543,336
3328,448,23056,-3657,-6113,4827
-17844,5976,9212,-2412,-10814,1344
-6852,2464,18824,-3060,-5849,-2760
-4800,1280,17060,-358,979,314
-3360,1064,16880,822,4661,126
-4532,1956,17028,316,5982,11
-5828,1712,16292,-131,5534,-715
-6584,1432,16160,-208,3663,-871
-6020,1784,16244,-831,1717,-383
-6180,1300,16464,-728,2423,86
-6728,1664,15632,-536,-39,381
-5244,1940,16572,-1085,1183,-724
-5468,1068,16568,-1366,4107,-1688
-7784,-648,15348,2246,1479,-521
5016,-668,21336,2971,-11666,2133
-15444,6016,12088,1496,-9228,-1800
-1344,-3608,19680,629,-5351,-3486
-3684,768,16928,2336,-2412,-6809
-4156,3676,15924,-22,1563,-3526
-5108,1488,16724,-1076,4314,-778
-5804,1152,16636,-633,3675,-806
-5636,1136,16368,-175,2390,133
-5612,920,16672,146,2135,-172
-6772,1016,16216,627,1162,480
-6044,1804,16260,539,142,2003
-5084,2244,16452,-143,1161,649
-4680,1124,17100,-421,3713,30
-6508,2160,15168,-912,4390,844
-1752,580,19208,-5203,-6483,6738
-13584,2212,11340,-4217,-8837,8637
-5192,4524,16676,-1877,-6510,-2510
-3180,516,17128,-1206,-927,-1341
-3852,1000,16744,574,2527,30
-4272,1356,16848,3,5806,-20
-5652,2528,16908,-1810,6532,-1225
-7072,-520,15848,-251,2593,-1844
-8220,2308,14348,435,-3414,8
-6240,1444,16600,392,-4758,1015
-6276,1428,16856,-70,-6393,1887
-3716,2016,16968,-837,-7235,1274
-3876,1984,16884,94,-708,904
-3892,1488,16584,510,1278,869
-3964,1888,16760,635,2379,829
-4100,1808,16812,-204,3611,-100
-4672,1996,16832,-670,5057,-924
-5244,1300,17132,-994,6169,-1098
-4428,404,16240,-293,5269,-848
1068,-540,21328,167,-5806,1974
-18784,3612,10352,-704,-4731,2403
-4660,24,17948,-417,-2496,-377
-3464,1576,17004,-325,2411,-859
-4036,2168,20680,978,2808,2290
4540,-1500,20900,-1497,-4721,2044
-16288,3572,11236,186,-1586,-1855
1668,-4568,16936,-596,-357,-1899
-3352,1708,16904,2828,4683,-7852
-7896,1744,16336,2729,6405,-4960
-9540,2236,15464,-171,1368,1233
-5696,2488,16140,-537,-945,427
-5048,1156,16568,-654,-292,-286
-6008,1540,16192,-181,20,554
-5932,1660,16276,-62,-1215,583
-5608,1724,16472,-57,-753,856
-5724,1728,16468,-258,-595,490
-6472,1792,16568,-318,-2143,278
-7816,584,16512,146,-6105,343
-2608,2180,16568,-1863,-4759,-951
-3804,964,17192,-733,-40,371
-5128,1396,17148,-361,537,441
-3840,1464,16312,351,-229,1089
-5744,2264,17076,100,-1237,1093
-5444,2348,17104,-1077,-4216,293
-1920,1616,16084,-1479,-1443,-100
-4784,1272,17608,-550,-31,130
-4612,1164,16816,58,-1090,764
-5464,2976,17872,-347,-1685,267
-4472,1976,17496,-582,-2123,716
-3068,1312,16848,-929,-1236,454
-3648,712,17720,285,-92,704
-3236,1616,16680,383,475,601
-3752,1652,16940,477,661,423
-3572,1776,16760,10,288,342
-3752,1548,17144,-128,70,409
-3656,1796,17168,-437,11,286
-3328,1824,16884,-637,192,163
-3832,1788,16964,-674,407,83
-3876,1540,17212,-723,410,67
-3772,1348,17068,-372,484,192
-3128,1236,16908,351,1646,293
-2664,1856,16312,881,3882,195
-6236,3064,17712,935,7513,564
-5112,2648,16112,-329,5227,487
-4460,2360,17172,-1345,5282,-1509
-5472,1360,16832,-1002,7196,-1221
-6536,1396,16424,-640,6316,57
-6924,1236,16008,-539,5162,183
-7908,1492,15432,-327,2821,235
-8024,1368,15016,113,-545,930
-6696,1948,15652,-126,-3138,673
-5856,1936,16204,-598,-2413,12
-5752,1720,16268,-673,-547,-100
-5124,1424,16528,-769,2436,-698
-6772,1140,15708,-267,4133,2123
-7500,1504,15292,-1829,-6043,5031
-6944,2724,16440,-121,-10858,759
-4612,5052,17272,-489,-12932,-983
-848,376,16304,-1934,-4962,-398
-1100,1692,15192,-713,1289,-164
-3220,248,17608,164,6307,-583
-5204,1512,17540,13,8093,139
-4588,-308,19748,-222,4598,1206
-3660,1976,15580,887,-2438,-1734
-17908,4408,10656,-412,-170,-1487
-5772,1192,16728,-815,-1437,-400
-5800,1356,16364,-711,-2084,51
-4984,1408,16852,-688,-2553,-112
-4924,1244,16912,-603,-1741,78
-5672,1128,17076,-194,-1900,618
-4004,1732,16680,-239,-1936,326
-4128,1392,16836,-304,615,109
-4800,1608,16916,-246,1191,189
-5008,1488,16532,-185,764,200
-4200,1384,16852,-207,1702,110
-4516,1568,17304,-454,3602,-327
-4328,424,17356,173,3484,-780
5092,1316,22824,622,-3431,-2176
-5636,1324,16200,1077,-7266,-5024
-19660,808,9672,55,-3410,-4908
-5920,2148,17584,-800,-2437,1151
-3896,1388,16764,-187,-1004,904
-4776,1592,17744,-112,4,499
-3844,872,16844,139,-326,686
-3300,1376,16168,51,72,428
-4284,1184,16996,-380,500,179
-3924,1568,16960,-401,748,208
-2900,1628,16156,-1276,2020,-403
132,-136,19680,171,1958,-1910
736,2748,20408,1425,-539,-2749
-3888,2616,16732,440,-2358,-1241
-15000,144,12840,-1998,-322,2417
-2464,5296,15108,-39,913,989
-3808,1460,16856,-423,2237,467
-4336,476,17020,-222,2736,131
-5132,1052,16876,353,2871,311
-5780,1492,16716,345,1400,497
-5220,1628,16564,-99,-70,87
-5124,1496,16760,-556,-329,-157
-5116,1356,16768,-840,-963,10
-4972,1172,16972,-945,-931,-102
-4060,824,16312,-536,-1067,218
-3360,1112,16728,-504,1440,40
-3624,1244,17036,-176,5178,-494
-4912,1684,17444,-1566,7741,-1561
-8184,-1036,17424,517,6393,-1211
-5552,2416,14920,1618,-17,1458
-2728,1936,16228,2083,-1215,3658
-5760,2452,16644,-78,2157,1628
-6532,2328,15920,-531,4386,129
-7728,1092,15532,-738,2562,-885
-7908,1184,14784,-35,-2896,827
-6820,2584,16248,-1745,-4416,-1113
-7380,-376,17916,-1548,-6668,-2171
-4092,1248,16848,-859,-5593,-488
-4032,812,17128,-112,-251,1106
-5608,1980,17120,-739,2225,1762
-9580,4724,18608,-3240,378,4208
5808,132,-2916,-5108,4021,7189
-4184,-388,16884,714,3326,2185
-6128,1144,17600,-1650,3802,-1887
-6760,532,16516,-383,3181,-75
-6136,844,15484,732,550,1450
-5564,1924,16544,114,1448,775
-6048,1152,16396,432,2398,542
-6484,2356,15904,278,-106,2286
-6080,1036,16768,-704,-4401,3480
-4092,3088,16152,-157,-2315,537
-5596,812,17120,-673,-982,-623
-5824,860,16692,-143,-36,766
4508,2032,19752,-1103,-6823,2756
-14264,2612,10264,-1638,-6386,2716
-6204,1128,17872,-1404,-4048,-572
-5860,1596,18060,208,-1434,999
-2148,2004,15432,-7,932,274
-4136,1292,17484,460,4251,-498
-4876,480,17676,846,4355,-813
180,-924,20148,1994,938,-2816
2352,-1848,20384,2958,-6031,-8046
-21012,9852,7780,1653,-406,-6250
-4892,2100,17248,-88,1879,552
-4736,1748,17196,69,2168,343
-1716,892,18172,256,-645,126
-8416,2880,15008,237,-566,-416
-4688,1792,16632,-364,240,258
-4940,1792,16696,-483,-218,167
-4696,1584,16548,-800,-496,140
-4852,1400,16908,-782,-684,112
-6440,1492,18232,-842,-1989,452
-8384,272,17520,1103,-7838,1974
500,1540,15796,-2418,1902,-1317
-3896,460,19292,-1468,5903,-1759
-5092,648,17776,-1033,6955,-715
-5840,1756,18444,-1842,4645,1420
-2912,568,16712,-859,-1470,5082
-13788,-284,13188,-1746,60,7208
-5872,836,17080,-1039,172,2954
-5792,1512,16820,-681,-641,155
-3292,1768,13720,-2316,-4784,3892
-2112,5036,16048,-1296,-1051,-1518
-4296,992,17612,-479,2950,-1017
-4692,1544,17096,-583,5712,-760
-3652,-660,18820,-854,1335,1099
580,-1468,21884,-604,-6990,3533
-23592,8952,7904,-2319,-2290,6534
-3136,1392,16708,-1687,-787,-1118
-4408,2084,16800,-1048,940,525
-5036,3460,17924,-3172,346,4979
-4324,-188,16324,-2530,119,6564
-5736,1788,17324,-266,313,-515
-4544,328,16944,17,279,85
-5048,1152,16948,572,-16,1226
-5684,1356,17444,329,-1399,1296
-7160,1624,18732,668,-5138,2443
552,2260,14532,-1712,530,-832
-4408,64,17900,-751,2154,-458
-4996,1520,17704,111,3442,177
-5440,1580,17048,-221,2169,660
-4428,1436,16208,-232,806,252
-3464,1660,17160,-1477,3679,408
-5548,2432,17144,-3787,5163,1615
-6352,4,16448,-5579,2044,5133
-6476,-436,15564,-3772,-1798,7931
-5696,-1096,16504,445,-2484,3762
-5120,516,16972,375,-2755,-611
-4540,696,17136,1252,-490,1896
-4136,1596,16484,1472,-459,1796
-4560,1728,16676,415,223,579
-5128,1536,16680,-60,109,477
-5084,1456,16692,-355,-545,439
-4860,1468,16796,-596,-1165,315
-4844,1444,16844,-850,-1206,34
-4900,1272,17048,-853,-1423,224
-4740,856,16688,-670,-2286,639
-3216,1364,16468,91,370,434
-3096,1212,16748,295,1798,190
-4232,1064,17036,642,3277,354
-2948,-2160,18016,2507,4533,-2674
-5916,4108,16036,1622,3979,-5167
-6060,1204,16752,-506,6451,-1110
-6952,1300,16132,-469,6412,360
-7272,1596,15844,-572,3639,1427
-7728,1352,15780,-3225,-1671,5594
-6524,1964,16656,-2995,-4118,6118
-5056,3648,16308,-1106,-2826,-1472
-4632,104,17044,-765,-896,-2816
-3152,-2656,17944,3821,-713,-6164
-7188,2204,15964,4326,-2939,-9319
-6740,1936,15832,2570,-1540,-6456
-7400,3476,15364,522,-634,-715
-6020,1888,16584,-69,-973,2354
-4712,1056,15892,-291,-3994,1504
-4192,1244,17116,-1244,-2272,-960
-4192,1132,16896,-522,615,56
-4736,912,16724,-518,1697,123
-5048,1236,16676,-121,2314,309
-5216,1168,16624,-132,2624,279
-5164,1528,16688,-178,3238,81
-5092,1204,16848,-332,4809,-1000
-6432,1244,15316,14,4167,-542
-6520,1504,16052,-713,2229,588
-7480,1200,15684,-1213,-600,2899
-7484,732,15900,-1390,-3858,4624
-6716,1064,16168,6,-6388,2152
-4688,1440,16884,-108,-6070,100
-4576,1608,16980,-297,-3918,124
-3812,-52,15372,-61,-3162,473
-2436,1636,16660,-320,2295,-358
-5192,992,17180,88,4510,540
-6072,4052,16020,-1835,1411,3844
-4104,3396,18100,-6065,-3736,11125
-8416,-2040,17416,-2919,-3614,6375
-7200,-556,18152,-2774,-3201,-790
-3252,-356,16856,404,-1048,1373
-3516,984,16384,1688,985,1289
-3752,2220,16468,1414,2079,601
-3860,904,17428,361,1781,-1723
-568,-3332,18408,2353,4877,-7225
-4404,3496,18196,4248,8999,-16783
-1148,1472,20720,6548,8347,-16144
-7012,5604,14892,1490,-1536,-6090
-29584,-13560,6880,-2165,-2997,4030
-5892,-2120,17164,-1163,-3638,6454
-4476,1192,16660,-247,-1238,528
-4428,1268,16624,-910,1737,-1426
-6040,552,16296,5,3138,816
-6468,1808,16152,609,1126,1706
-6696,1752,15748,-99,-1411,367
-5664,1516,16200,-480,-2167,149
-5372,2624,16620,-628,-358,1184
-4860,1428,16112,-2233,803,2108
-4988,800,16716,-2132,3668,1730
-5500,908,16536,-1346,5814,290
-5976,1464,16160,-1509,6517,-620
-6348,316,15804,-442,6184,-804
-10236,76,15624,3440,236,3067
-1832,444,18752,-120,-9755,8297
-21816,5196,9440,-3350,-8289,7647
-2508,2500,17428,-1774,-1662,-3709
-3892,1104,17476,-950,8851,-2412
-7052,632,17184,-1428,6003,-592
-13188,2764,11444,-1484,-1070,1484
-6504,1696,15756,-1198,-1807,-1767
-5844,476,16796,-377,-83,-600
-6388,796,16056,622,2108,997
-6712,-920,15196,3777,-1521,2076
-4824,2396,16340,731,-1122,1129
-4056,-708,17960,1514,-214,-1652
8260,-2512,25384,2075,-7923,-6160
1560,5764,19840,1329,-16048,-7353
-26380,5508,7284,-2878,-3230,1959
-11348,-3472,14736,753,2351,1681
-3544,1344,16428,1168,3127,1502
-5152,1976,16844,221,4079,1357
-5644,2256,16576,-431,3330,-104
-4728,1644,16416,-880,4378,-549
-4652,1844,16596,-1093,5625,-1289
-5232,1508,16764,-1294,9054,-1910
-2724,-1372,20620,3513,3204,-3292
1608,2648,20592,1977,-14011,-770