-4056,1924,16956,-300,100,267
-4156,2040,16956,-315,116,256
-4120,2104,16964,-358,125,241
-4064,2088,16916,-384,128,213
-4064,2096,16996,-365,168,230
-4124,2124,17072,-303,135,287
-4060,2072,16864,-324,126,265
-4000,2024,16916,-312,133,251
-4108,2116,17020,-287,120,251
-4076,2020,16860,-364,157,218
-4100,2108,16900,-391,110,211
-4064,2088,16912,-308,116,265
-4012,2136,16812,-293,98,256
-4144,2084,17020,-283,76,277
-4128,2040,16864,-164,48,369
-4064,2212,16972,-80,80,409
-4128,2232,16900,-222,100,296
-4216,2244,16964,-352,59,232
-4036,2180,16876,-351,48,257
-3992,2092,16956,-300,83,267
-4092,2248,16888,-331,130,256
-4092,2156,17056,-323,122,254
-4116,2132,17004,-192,79,316
-4016,2132,16756,-104,152,377
-3876,2204,16704,-252,456,179
-3656,1956,16904,-679,998,-441
-2832,1964,16644,-811,1706,-1761
-3516,2464,17240,203,4137,-4820
-3704,1756,17268,-2022,5321,-7332
-1844,3256,20240,781,4463,-9276
-304,9356,21184,2678,1269,-6495
2528,8908,18772,2930,-1558,-862
2944,5004,18412,4214,-2469,3158
1508,2260,18000,5235,-2237,5073
-5188,2204,23640,7518,-4312,6586
-8172,3236,21068,5572,-10118,7273
-8140,1296,14276,1012,-12105,6050
-10436,888,10500,1207,-8666,4721
-12532,-824,6720,1290,-4220,2511
-15380,-7040,-4940,-10927,6175,-4364
4932,5872,21448,-5856,8194,-1233
-8544,1628,25208,-2714,11923,-3005
4456,-836,7780,-5077,-608,-214
-4004,4860,16112,-309,261,593
-3792,3672,16292,-830,298,198
-3908,2700,16464,-1444,315,-33
-3532,2220,16536,-1586,594,76
-4360,2664,16784,-1135,737,324
-4176,2656,16900,-2026,798,-82
-4728,1980,17964,-1332,783,-6
-4468,2160,17164,-17,708,473
-3584,2456,16212,-338,1304,138
-4416,2364,16604,-635,1376,-114
-5168,2392,17332,-1003,1500,-418
-5056,2168,17184,-1341,1109,-553
-4768,1872,17068,-873,683,-225
-4884,2012,16756,-702,327,-6
-4592,2212,16636,-589,80,81
-4660,2028,16760,-667,-107,37
-4684,1952,16720,-630,-139,23
-4540,1836,16696,-463,-72,145
-4516,1936,16740,-242,56,289
-4484,2060,16608,-297,80,222
-4596,2120,16916,-374,156,216
-4672,1904,16928,-393,0,38
-4436,2064,16596,-342,-381,45
-4372,1912,16672,-428,253,-110
-4380,1984,16760,-619,1057,-505
-3776,1708,16820,-730,2128,-983
-3828,2180,16340,-842,3614,-1298
-3980,2060,16588,-1287,6535,-1807
-4228,1384,17036,-1522,10218,-1672
-4364,1676,16692,-2080,14258,-1972
-5864,1680,17208,-1731,18765,-4038
-7616,116,17060,-1738,24890,-6266
-7664,468,15416,-765,31874,-8709
1328,-4772,31432,1387,29737,-10706
-980,13952,25236,3666,5665,-7399
1952,7552,23612,-1718,-2939,-1388
1684,5748,22028,-678,-12393,2818
124,2392,19828,1927,-19501,4439
-3800,3164,19380,3521,-24639,5174
-6396,3140,19132,4484,-27332,6425
-9776,6120,21648,5353,-28248,8565
-9848,6252,19372,4567,-25897,11036
-11676,4468,20832,7491,-18303,11735
-22908,4780,25388,14339,-17911,12925
-29668,724,15100,14347,-19935,14331
-32768,-18180,-7396,9978,-14911,7015
-15384,3656,-8096,-20109,20178,-10542
1276,7400,10396,-16959,18765,-1397
-9108,-8464,27032,-12358,21312,-2879
2284,-2516,9180,-7014,-2386,-541
-1520,3040,14496,-916,633,754
-3336,3648,15344,-2682,1118,-313
-3476,2480,16252,-3072,1074,-710
-4736,1592,18100,-2029,550,-267
-4156,1488,17272,-1174,376,-27
-4216,2060,17212,-688,212,111
-4292,1936,17068,-540,123,139
-4220,2008,16852,-647,210,130
-4096,2000,16856,-926,137,-54
-4296,1656,17048,-972,90,-123
-4184,1680,16984,-687,32,25
-4248,1588,17004,-399,18,83
-4172,1568,16956,-214,-41,153
-4212,1388,17120,161,87,474
-4060,1820,16836,375,87,665
-3936,2052,16508,72,140,441
-4136,2148,16808,-469,171,64
-3768,2296,16532,-842,406,-272
-3936,1860,16728,-862,860,-539
-3920,1632,16972,-530,1580,-1077
-3988,1408,16868,-332,2239,-1537
-3880,1044,17400,137,4339,-1898
-4644,944,17348,1025,6624,-1274
-4144,2572,17016,-13,10213,-75
-5524,2728,16720,-1092,14043,-1543
-5916,1832,16104,-568,17377,-2834
-7268,2300,16448,-1410,20644,-5018
-8200,676,15564,3985,26139,-7879
-10096,-188,16004,-6718,28451,-10914
432,-10600,21452,12747,27980,-13933
-12980,4692,30280,22168,15231,-19409
-5304,13976,22656,6010,-8830,-14682
-3720,10888,16548,4103,-14826,-1374
-6628,5472,18828,5065,-21430,8220
-6072,1404,14672,3064,-23937,10076
-8716,1824,16384,3703,-22857,11209
-12188,3588,20492,2559,-22724,13186
-10504,2664,17708,5,-22675,13331
-10108,3504,18120,1140,-19572,11668
-10688,3536,18976,3992,-15187,10339
-11148,3372,17104,7246,-11404,10899
-14404,3684,19900,7491,-10174,10856
-12180,-1188,14112,2624,-12220,8679
-11420,-5748,9096,4691,-7678,3826
-12408,-3756,8660,5355,-3806,-2546
-10236,1604,8888,1223,-390,-5472
-1824,12364,25252,-2494,11209,-474
6192,3140,9924,-9413,13654,-4532
-6864,1672,22680,-6543,17182,-4863
-8464,4956,22592,-4806,13794,-3710
-6552,-792,23248,-7977,2985,-1651
-4556,3992,17292,-3122,1720,-414
-4548,2932,17524,-2484,1185,-274
-4280,2188,17744,-1323,592,86
-4340,1888,18008,-476,243,246
-3872,2536,17088,78,82,359
-3732,2736,16624,-168,194,238
-3948,2472,17116,-543,427,167
-3740,2456,16504,-612,388,208
-3864,2540,16916,-1187,501,-38
-3804,2388,16868,-1329,598,-177
-4152,2424,17008,-1372,374,-210
-4088,1900,17192,-706,510,37
-4052,2096,16924,-648,466,101
-4168,2280,16824,-613,379,92
-4184,2052,17040,-422,336,129
-4032,2204,16772,-213,357,188
-4116,2364,16964,-344,274,111
-4064,2432,16604,-620,197,-36
-4236,2148,16968,-626,227,-17
-4088,2236,16820,-699,243,-49
-3988,2168,16876,-1112,326,-459
-3756,1872,16900,-1186,874,-903
-4152,1672,16920,-805,1456,-958
-4120,1660,16876,-598,1747,-1191
-3496,1436,16704,-415,2485,-1380
-3672,2032,16740,-514,4510,-1531
-4304,2580,16948,-1211,7332,-2571
-5292,2072,16400,-2466,10456,-2942
-5844,952,17048,-3144,13636,-2365
-7344,1052,16528,-1729,16380,-2547
-8188,-120,16264,-821,19043,-3138
-8272,844,14568,813,21709,-5276
-8604,644,14332,3163,24690,-7687
-9424,-4704,31568,6043,17533,-10183
-3304,11508,21752,1740,-1863,-8511
-1320,8364,16652,-298,-7160,-1410
-3608,6120,16892,272,-11762,4119
-5604,3852,16392,1852,-16078,5982
-8600,5132,16012,3207,-17745,8591
-10468,3344,15020,2983,-17831,11465
-10180,464,17336,1398,-16052,10403
-9732,208,20032,2478,-17060,7287
-8088,1364,17236,3218,-16520,4617
-6376,3300,14312,3281,-12809,3451
-6508,3232,15060,4317,-6988,3895
-10108,3460,20292,7090,-4271,5080
-11796,3824,19248,8549,-6312,6928
-10024,2416,14144,3468,-7311,6363
-9652,-344,14020,4310,-6471,5172
-9536,-988,11112,1585,-4841,1227
-9108,196,1980,-2533,1397,-2763
-7508,3872,16856,-6469,7639,-2923
812,6028,9940,-6639,8333,89
1064,248,13656,-11843,11995,-5069
-3476,-2028,18812,-7728,15064,-5881
5060,-8232,15284,-7103,1880,-1567
-2924,1096,17064,-1245,1291,180
-3548,3064,16480,-1470,1045,106
-4204,2524,17308,-1902,842,-187
-4188,2092,17428,-1409,392,-119
-4104,1988,17176,-692,290,174
-3948,2116,16936,-421,350,302
-3976,2180,17024,-272,318,294
-3892,2352,16992,-683,276,161
-4112,1784,17444,-280,219,295
-3864,2068,16892,-96,209,369
-3996,2388,17064,-185,249,294
-4000,2300,16760,-478,316,202
-4112,2252,17020,-713,167,103
-4124,2128,16996,-755,104,50
-3968,2092,16852,-656,99,57
-4028,2044,17108,-567,138,122
-3996,2188,16988,-548,87,125
-4128,2008,17152,-498,-22,120
-4096,1932,17032,-336,-51,194
-4004,1996,17108,-188,-51,305
-3912,2064,16900,-272,57,269
-3948,2092,16884,-465,14,180
-3888,1964,17032,-493,-64,165
-4036,1932,16988,-409,7,202
-3904,2052,17092,-306,92,249
-3964,2144,16844,-453,98,143
-3940,1976,17012,-510,145,117
-3876,2000,16988,-523,206,95
-3944,1976,16980,-461,238,76
-4088,1800,17192,-328,218,195
-4048,1904,16944,-210,224,289
-4012,2104,16984,-304,167,243
-4052,1964,16996,-361,33,192
-3992,1964,16916,-331,32,214
-3952,2012,16960,-268,98,272
-4088,1920,16844,-232,93,293
-4028,2048,17020,-241,130,284
-3992,2016,17048,-293,123,236
-4028,1980,17028,-324,117,222
-3960,2012,16896,-309,169,269
-3968,2060,16960,-271,173,255
-4064,1912,16952,-285,151,222
-4108,2112,16856,-331,117,205
-4040,2056,17136,-355,100,212
-4096,1988,16992,-398,88,192
-3980,2008,16896,-352,69,249
-4072,1904,17088,-367,45,254
-4060,1996,16884,-341,7,242
-3960,1972,16928,-335,31,265
-4028,1980,17000,-318,61,279
-4032,1984,17004,-316,71,258
-3984,2032,16872,-324,72,252
-4028,1992,16936,-365,91,233
-3976,1916,17016,-357,44,217
-3884,1976,16996,-332,99,234
-3924,1972,16984,-390,119,229
-4016,1968,17044,-354,126,222
-3908,1924,17020,-355,95,235
-3860,1756,17124,-300,175,236
-4028,2028,17056,-396,174,217
-4020,1948,17000,-375,163,201
-4152,1924,16972,-365,161,243
-4032,1996,17100,-342,125,222
-4008,2024,16956,-327,111,242
-4064,1972,16932,-369,135,221
-4108,1944,17000,-359,135,217
-4052,1976,16972,-339,144,254
-3984,1988,16940,-339,123,248
-4088,1904,17040,-323,154,216
-3988,1880,16852,-360,125,240
-4076,1864,16932,-332,158,206
-4032,1948,17080,-363,157,210
-4016,1900,17028,-355,155,227
-4152,1916,16900,-334,162,237
-4088,1952,17076,-353,196,204
-4036,1944,16952,-346,124,243
-4100,1936,17004,-369,164,236
-4004,1932,17052,-329,130,240
-4120,1912,16992,-305,143,265
-4052,2032,16988,-313,136,230
-4024,1984,17200,-344,152,244
-4176,1964,16976,-306,97,261
-4016,1868,16912,-305,133,247
-4096,1952,16932,-307,139,274
-4176,1948,16956,-311,144,232
-4076,1908,16936,-356,145,225
-4072,1940,16904,-347,154,216
-4008,1952,16960,-372,141,234
-4048,1876,17088,-329,149,239
-4096,1940,17016,-324,120,252
-4104,1908,17008,-339,118,250
-4168,1956,16892,-330,108,234
-4144,1960,17076,-318,79,267
-4112,1988,17068,-341,96,267
-4080,1960,17024,-300,73,250
-4200,2008,17112,-313,100,269
-4124,1864,16948,-331,103,256
-4068,1920,16824,-334,79,247
-4108,1920,16948,-322,88,265
-3968,1808,16916,-310,87,265
-4060,1904,16880,-307,71,267
-4172,1920,17024,-314,51,270
-4060,1804,16968,-342,91,224
-4104,1904,17020,-326,96,249
-4160,1928,16968,-335,98,258
-4096,1880,17076,-317,107,238
-4080,1920,16940,-379,84,240
-4116,1936,16868,-354,92,236
-4144,1932,16876,-329,104,231
-4032,1808,17096,-331,97,235
-3972,1836,16880,-364,56,280
-4172,1960,16940,-364,128,268
-4004,1932,16900,-342,123,253
-4128,1920,17056,-346,121,213
-4176,1896,16908,-355,105,264
-4244,1888,17036,-321,97,262
-4092,1884,16992,-317,104,257
-4144,1900,16960,-315,88,255
-4128,1948,16792,-336,117,263
-4188,1848,17032,-303,111,273
-4144,1900,16920,-295,50,246
-4196,1920,16936,-297,72,266
-4128,1872,16980,-303,74,271
-4008,1916,16952,-367,40,238
-4064,1912,17140,-388,20,216
-3904,1924,17020,-422,24,243
-3996,2100,16828,-480,92,188
-4024,1872,16916,-498,143,146
-4216,1924,17088,-418,172,148
-4280,2064,17116,-421,199,145
-4096,1876,16984,-389,145,178
-4212,1808,17032,-314,103,222
-4200,1736,16980,-296,-10,227
-3992,1876,17044,-310,35,268
-3980,1868,16972,-296,115,272
-4092,1772,17120,-273,100,305
-4072,1868,16940,-281,36,298
-4048,1720,17168,-183,-126,329
-3964,1920,16864,-186,-93,345
-4068,1888,17032,-138,-190,325
-3988,1804,17024,-59,-223,362
-4120,1916,17068,-43,-220,372
-4000,1928,16972,-25,-244,382
-3856,1972,17032,10,-278,435
-3984,2064,16888,-21,-280,415
-3964,2136,16776,-123,-253,402
-3656,2112,17044,-250,-195,290
-3820,2084,16980,-348,-161,245
-3768,2072,16992,-333,-82,297
-3712,2132,17008,-353,-9,244
-3812,1968,17096,-365,-19,297
-3844,2036,16848,-272,35,294
-3760,2104,16940,-276,60,331
-3684,2004,16932,-233,45,356
-3856,2052,17000,-259,41,339
-3796,2036,16952,-257,31,319
-3752,2212,17036,-253,65,314
-3832,2008,16984,-293,106,261
-3704,2188,17068,-326,119,262
-3796,2080,16984,-324,136,268
-3788,2084,16896,-339,141,270
-3680,1992,17092,-325,136,287
-3808,2088,17100,-348,137,244
-3692,2136,16896,-337,177,256
-3856,2112,17060,-375,177,234
-3760,1980,16888,-380,215,221
-3800,2008,16972,-374,253,229
-3860,1972,17128,-304,202,248
-3904,2064,17024,-302,139,249
-3844,2076,16988,-347,198,222
-3820,2104,17052,-365,144,228
-3948,2144,17020,-358,159,272
-3724,2016,16936,-389,188,227
-3912,2076,17056,-400,161,209
-3816,2076,17012,-375,195,237
-3848,2088,16992,-406,194,185
-3908,1956,17088,-392,149,203
-3856,2008,17036,-426,177,196
-3884,2140,17136,-431,156,201
-3832,1980,17116,-377,165,237
-3908,2044,17108,-387,151,217
-4020,1996,17008,-359,111,244
-3860,2004,17040,-319,115,255
-3928,2108,16924,-348,102,236
-3900,2100,17096,-376,112,244
-3836,1952,16988,-362,103,220
-3936,2036,17136,-364,118,254
-3908,2000,16856,-355,108,229
-3944,1960,17052,-401,132,226
-3968,1976,17112,-417,128,191
-3936,1976,16988,-408,137,200
-3900,1956,17076,-402,128,219
-3980,1888,16932,-345,92,228
-3872,2056,17068,-371,100,253