-3804,1856,16944,-162,51,299
-3896,1804,16876,-183,134,317
-3876,1992,16892,-168,122,323
-3912,1840,16996,-276,113,248
-3948,1936,17048,-252,97,304
-3848,1784,17236,-201,105,291
-3856,1960,16864,-125,104,323
-3940,2088,17068,-329,116,260
-3884,1952,17116,-408,68,231
-3916,1824,16972,-416,84,210
-3844,1772,16876,-440,85,210
-3932,1948,16896,-519,107,199
-3880,1864,16944,-566,111,181
-3892,1876,17120,-526,94,174
-3880,1804,17112,-448,79,231
-3860,1872,16992,-414,117,236
-3840,1900,16964,-435,109,228
-3872,1832,16968,-424,104,213
-3868,1868,17056,-452,74,232
-3840,1756,17028,-460,120,228
-3836,1780,17008,-399,134,249
-3820,1692,17088,-393,69,245
-3888,1800,16992,-428,85,230
-4008,1764,17068,-444,70,201
-3940,1704,17104,-355,71,273
-3844,1724,16976,-279,45,298
-3960,1788,17068,-276,79,318
-3992,1896,16936,-269,58,319
-3868,1728,17216,-358,-8,265
-3916,1732,16924,-319,-48,323
-4004,1792,17072,-293,-109,431
-3812,1748,17176,-201,-159,438
-3744,1764,17148,-272,-170,383
-3796,1692,17188,-248,-116,343
-3772,1908,17116,-249,10,291
-3756,1980,17040,-344,115,217
-3696,1892,17004,-318,223,164
-4208,1932,17616,54,159,263
-3572,2804,16576,-1025,-271,-51
-2388,2304,15940,-2391,1379,-1246
2056,-760,15416,-11704,5914,-10399
-6896,16204,29136,2575,11368,-13722
6956,23080,18604,1319,6710,-228
14052,9220,20372,7801,6245,10699
11652,-2980,27220,9481,1845,12286
1896,-1012,30532,8785,-9745,10665
-972,-1960,22348,2827,-16937,7413
-6352,844,19400,3777,-14870,5057
-14488,5644,22016,5276,-15470,7287
-16356,3112,10484,-1192,-16853,8888
-17972,-8056,1708,979,-10281,2788
-19404,-1800,-11864,-10070,5152,-6908
3032,7060,22384,-3571,19551,282
-8264,1568,23852,-6086,18155,-3820
-8536,6912,22444,-8497,13546,-3724
-4012,1232,18276,-3636,3735,-871
-5940,2000,20224,-4156,3414,-1147
-3760,1032,17040,-2359,2997,-608
-4192,2024,17020,-892,1852,-276
-4912,1780,17204,-1200,933,-213
-4620,1584,17044,-1054,570,-84
-4584,1668,16932,-647,549,23
-4472,1524,16912,-569,568,-83
-4820,1528,16872,-496,376,-131
-4720,1464,16812,-516,211,-124
-4664,1500,17004,-383,78,15
-4548,1420,16800,-322,213,124
-4596,1432,16744,-316,525,10
-4732,1424,16808,-282,476,136
-4844,1348,16980,-226,317,217
-4752,1644,16840,-193,1,212
-4564,1580,16716,-271,8,42
-4544,1740,16732,-434,275,19
-4448,1612,16820,-602,848,-198
-4364,1644,16752,-694,1424,-382
-4272,1584,16924,-1235,3090,-1392
-4352,1648,16828,-2064,5481,-2379
-5088,932,17272,-2867,8104,-1936
-5112,136,16616,-2520,10666,-1262
-6900,748,16296,-1779,12753,-807
-7488,844,15908,-3090,14019,578
-8936,-4,15492,-3500,15062,1702
-8368,-92,15168,-1934,18392,1492
-4736,8416,13844,-8700,22100,-1735
-3176,-10464,29204,5383,22906,-2895
-6960,5424,32767,11172,11604,-9284
96,6404,21652,1743,-1305,-7104
-636,4268,21764,3989,-5798,-2497
-1232,-908,20508,3612,-13540,-3566
-4120,3372,20268,4368,-19355,-4661
-6956,8776,18692,4220,-23209,1408
-9128,6280,18776,4049,-25345,8121
-8436,-1032,18808,4351,-25131,6948
-11848,2968,21564,6187,-25639,4426
-10176,4460,13636,6502,-20801,5568
-9908,2100,13160,7944,-8753,7340
-19456,3592,26240,9632,-8213,10010
-21064,760,18896,1002,-16331,10752
-17520,-6016,5336,1295,-13022,8064
-18328,-7716,-144,1775,-4508,2193
-9732,1164,9068,-4088,18925,-1556
8284,1320,512,-7758,21413,-5399
-9396,-944,27532,-5663,18586,-4452
-27864,12636,32767,-7731,12017,-4497
-8976,5620,21472,-3294,2362,-512
-4612,1924,18468,-3832,957,-563
-4372,2016,17688,-2379,268,-147
-3988,1608,17588,-981,25,274
-3824,1960,17100,-69,-148,482
-3752,1832,17216,331,-243,614
-3868,1604,17400,532,-352,669
-3968,2064,17372,948,-326,724
-3192,2224,16720,800,-72,668
-3220,2204,16560,498,143,590
-3508,2184,16724,-48,338,378
-3564,2104,17264,331,547,477
-3668,2368,17028,188,710,326
-3448,2560,16716,-167,820,193
-3832,2264,17076,-246,868,180
-3916,2352,17196,-237,635,178
-4004,2332,17044,-288,295,184
-4048,2116,17208,-156,92,250
-3744,2168,16936,-26,158,320
-3692,2756,16416,-234,447,157
-3220,2904,15956,-1825,1079,-452
-3404,2432,16652,-2230,1632,-958
-4004,2184,16980,-2128,2059,-1361
-4160,1720,17300,-1970,2426,-1644
-4080,1560,17068,-1548,3791,-2166
-3380,1848,16936,-1635,6871,-2940
-4936,1752,17072,-2973,10530,-2615
-5808,600,16644,-3896,13919,-3032
-6236,1608,16584,-2417,16711,-4029
-7592,-188,16508,-1391,19504,-5331
-8204,-2236,15944,3535,22903,-6627
-23848,7164,13960,2106,24320,-7724
-1948,-8232,27680,12571,18964,-10027
-4072,9720,24604,5673,2588,-11600
-1936,8148,19136,1927,-5048,-3269
-4348,5784,21624,342,-11436,3077
-3812,2188,17900,395,-16314,4736
-5820,2992,18000,920,-18931,5233
-7212,3680,18268,1641,-20035,7557
-9316,2920,19016,2266,-21114,8274
-9972,3812,18384,2522,-21230,8691
-9264,4124,17232,3144,-19430,9135
-8268,3412,16092,3485,-14101,9108
-10884,3184,16936,6713,-10530,9855
-16856,860,17476,6415,-7358,9816
-17996,-756,13200,4163,-8082,9439
-18752,-6804,-1168,-1698,-3961,5081
-24740,-6628,-15920,-3263,17177,-2910
-2624,-1072,16492,-8537,19972,-5539
-21836,3740,32767,-8454,-2668,-1179
-3100,2172,16876,-2301,671,120
-3660,2344,17188,-1287,531,112
-4680,2084,18536,-858,-129,97
-3436,2116,16812,-583,-377,202
-3296,2068,16468,-831,8,135
-3080,2040,16316,-1204,421,39
-3588,2080,16688,-1790,530,-91
-3508,2004,16760,-2097,862,-285
-3664,1300,17220,-1135,907,48
-4072,1524,17296,-69,1171,329
-3780,1812,16852,384,1359,321
-4208,2024,17032,15,966,144
-4320,1876,17096,-489,668,-51
-4168,2088,16904,-825,488,-185
-4236,1608,17032,-759,328,-143
-4104,1664,16980,-539,135,32
-4220,1568,17104,-290,173,170
-4232,1628,17032,-157,134,267
-4216,1696,16868,-85,-8,347
-4036,1692,16752,-15,24,373
-4120,1844,16884,-7,170,327
-3904,2160,16860,-131,421,170
-3992,1988,16804,-526,506,-161
-4092,1600,16888,-439,780,-235
-3828,1928,16740,-259,1265,-562
-3964,2028,16532,-930,1919,-1579
-4260,1388,17436,-891,3315,-1634
-4768,1288,17160,-635,4710,-1544
-5116,1300,16864,-745,5688,-729
-4832,1548,16768,-497,7556,-1055
-5624,1672,16404,-904,9749,-1743
-6756,1184,16192,-165,10604,-2888
-328,3384,19848,-1405,9434,-3358
4036,5456,25076,-1675,3492,-2794
4904,6716,18732,-758,-5752,-286
3192,3944,21848,1976,-7284,737
1780,1916,19916,2451,-11015,-224
-1248,2716,21868,3567,-12723,-364
-1896,2404,19904,3764,-13953,353
-3756,1348,20456,4573,-14530,1107
-3712,240,14016,3600,-12321,1360
-10696,-3448,8628,863,1907,-302
-10816,1000,21688,2434,826,575
-11596,292,20176,3879,-4507,1162
-9004,-1308,6492,366,-2734,355
-13464,112,10528,6696,6251,1936
-20268,-2476,-10788,-1884,12631,257
13528,-9588,-6416,-16370,-11287,-1125
-900,4492,13836,-6339,-618,-1502
-4148,724,17784,-1414,1063,94
-4248,2064,17228,-69,575,620
-4312,1936,17052,-625,-121,352
-4020,1836,17056,-1213,-684,222
-3964,1412,17320,-1166,-528,213
-3856,1676,17056,-1167,-513,193
-3948,1164,17316,-845,-505,284
-3792,1164,17332,-434,-498,459
-3836,1204,17292,-183,-466,472
-3648,1108,17240,171,-549,590
-3576,1032,17416,672,-262,706
-3576,1348,17100,1244,-169,856
-3464,2016,16848,570,-38,576
-3512,2016,16896,-370,28,189
-3520,1644,17192,-739,70,61
-3636,1748,17040,-698,158,91
-3604,1404,17228,-642,101,166
-3600,1580,17140,-482,203,232
-3496,1584,17136,-374,140,273
-2732,1616,16540,-661,374,35
-3752,1704,17240,-1045,1175,-292
-4044,1296,17352,-690,708,-29
-3916,1208,17288,-170,669,197
-3780,1268,17212,23,558,311
-3964,1536,17120,36,255,347
-3972,1360,17128,-65,88,324
-4020,1780,17280,-137,22,255
-4032,1692,17188,-433,18,106
-4012,1256,17272,-224,-2,260
-3732,1720,16924,-169,155,233
-3848,1632,17168,-326,269,146
-3736,1572,17244,-350,494,131
-3676,1480,17040,-335,766,38
-3808,1716,16844,-436,1149,-71
-3512,2112,16808,-894,2033,-1160
-2928,1220,16492,-1198,3767,-1396
-2020,2572,15360,-2871,6777,-1799
-6144,1292,18204,-3058,6067,-469
-7700,-1016,17040,-1385,2646,1998
-6464,3484,17012,-2612,2169,3782
-2188,3884,17296,-4564,1642,2921
8860,18756,21816,1388,-863,8202
-4368,-10944,18812,911,-3765,4591
-32240,-10032,3896,-126,912,-611
-7808,1104,17388,168,264,2012
-5040,2148,16404,-159,672,1921
-5836,2060,16536,-802,381,1107
-5556,1636,15756,-1158,-388,1429
-5100,1728,16432,-457,-684,196
-5336,1220,16848,-591,-1045,113
-5240,1276,16572,-422,-1320,516
-4652,1448,16592,-550,-1310,235
-4760,1224,16864,-648,-878,-92
-4676,1116,16740,-440,-330,104
-4552,1268,16744,-297,282,283
-4848,1344,16752,-216,622,254
-4692,1492,16548,-367,530,25
-4508,1508,16676,-705,1068,-579
-4248,1496,16760,-967,2228,-858
-3492,1876,16740,-1621,5412,-1683
-3544,2060,16708,-3660,7073,-2780
15652,6688,28872,-1438,-5776,9909
-19164,-3908,12772,-697,-12078,8654
-22984,4704,32767,2498,-8486,3262
-344,236,14440,-667,-2205,711
-3100,1052,16448,-1451,404,-631
-4396,888,17232,-806,1438,-127
-5008,1144,17512,-282,1377,14
-5252,1176,17336,-477,34,-223
-4412,1108,16964,-532,-689,6
-3940,1004,17032,-331,-123,155
-3884,900,17032,-119,1012,-28
-3008,1656,16204,-588,2724,-570
-1488,664,15316,-1491,5885,-1924
-4776,1920,16856,-1833,8308,-2522
-8384,-12,16740,-2125,6986,-584
-7064,492,15964,-462,4478,2058
-6200,452,16112,-1158,2529,2629
-7164,592,15680,-305,1916,2321
-6724,1200,15964,-407,24,2181
-6540,956,15840,-716,-352,982
-6732,1000,15812,-611,-1102,-118
-6660,332,16100,-166,-1977,123
-7016,344,16132,701,-3145,934
-6180,1180,16500,678,-4036,1354
-5900,892,16228,442,-4592,558
-4176,1436,16648,-402,-3150,692
-2752,1344,16180,-1187,375,-98
-3632,1824,17036,-2416,5073,-2143
8100,3464,23736,10,97,-143
-4004,2608,16856,701,-6876,2516
-17232,-5080,11444,-1054,-5536,1667
-464,1448,14972,-718,-2835,-510
-4852,452,17548,-435,-3734,761
-4092,404,17416,1015,-1694,1782
-3376,1292,16596,1317,-233,1638
-3380,1972,16324,625,1047,779
-3196,1144,16740,-843,1749,-387
-4504,772,17056,-442,2404,88
-4388,1136,16900,-251,2257,329
-4544,1324,16780,-494,2372,-245
-4460,952,16904,-633,3374,-678
-4988,1052,17044,-682,4919,-539
-5396,1340,16696,-1165,5827,-245
-5960,848,16332,-1516,6122,-436
-6808,420,15464,-827,3940,308
-8444,956,15180,-701,-1467,2357
-9660,944,16048,1312,-9855,2345
-6220,1104,18548,-738,-13677,-2634
-3008,1696,18036,-306,-9507,-5228
-3144,1196,16912,601,-960,1626
-2252,420,15948,-439,2534,18
-3564,332,16656,1012,6194,1433
1724,7540,20672,-3485,1118,8437
-9248,880,14356,-3906,-2244,10018
-4560,3708,17756,949,-1530,351
-3776,-652,17352,-105,-1091,-3
-4272,48,17380,1829,-30,1861
-5024,1824,17588,3158,-161,3108
-3528,2892,15792,693,-786,1212
-3988,1580,17156,-1168,-885,-19
-3540,1484,16664,-1227,-318,-191
-2740,1172,17464,-1736,1858,-862
-2320,1660,16480,-2034,6942,-2966
-2044,1616,17100,-2098,10966,-3393
7256,4436,25268,-1673,-429,5778
-22812,-3004,9232,-232,-8676,6046
-1104,6088,15780,-1224,-6410,425
-2644,-80,17448,-802,-2218,451
-3008,428,16748,-414,-582,564
-4052,356,17232,535,799,895
-4048,1240,16988,1306,1170,1361
-4448,2300,16964,606,654,925
-4492,1624,17148,-1176,-83,-275
-4248,860,17236,-1188,-180,-210
-4364,792,17216,-114,105,396
-4144,1276,16996,486,299,912
-4136,2056,16752,-755,856,-179
-3648,1332,16496,-907,1925,-620
-5420,624,17680,20,2538,96
-5244,1392,17204,574,1475,813
-4140,1708,17012,29,1625,259
-3728,1976,16572,-808,3113,-739
-3704,1628,16788,-2369,5905,-2997
-5880,-468,17092,-2659,7044,-2371
-5044,620,17968,11,3226,1183
-13212,-1544,12696,-413,-3058,5825
-7088,2624,16380,-53,-5865,2232
-5280,992,17060,-828,-7205,-1420
-3840,560,17248,-378,-5640,-2677
-3916,1192,17464,851,-4134,-863
-4140,524,17268,2618,-1025,2400
-3492,2164,16500,1434,88,1491
-4252,1992,16900,-40,381,765
-4032,1648,16848,-743,-120,-20
-4236,1284,17096,-733,-283,-9
-4388,1332,17216,-41,-432,420
-2796,2072,15792,-1123,631,-299
520,3736,14120,-4835,6949,-3276
-4860,-1848,20336,-3698,11030,-5128
-3860,920,18712,-1683,9213,-101
-7296,-788,16100,-2093,3650,7824
-12476,-1012,14108,-3455,1087,12227
-7528,1392,15272,-1658,-1352,8730
-6148,4464,15420,-377,-4040,-611
-3896,-4592,17336,769,-5205,-6075
-4972,-1056,16804,4063,-5508,-10580
-5352,1232,16436,5514,-4940,-11648
-4852,3928,15784,2359,-3129,-6903
-4536,2500,16516,293,-1527,-2007
-4124,404,16968,15,-275,815
-4392,836,16700,263,64,1119
-4916,880,17104,88,-193,775
-4728,952,16940,-193,-800,474
-3936,996,16832,-291,-644,328
-3584,1012,16780,-507,307,142
-2936,1132,16276,-677,2535,-535
-2344,520,16988,-1244,5574,-1505
4568,5720,24204,578,804,2690
-10776,-4056,11640,-410,-7977,6257
6696,2452,11428,-673,-1938,651
-2228,1020,16444,-446,-377,307
-4200,828,16880,5,1171,242
-4112,1236,16756,-116,1066,-52
-4468,808,17116,-321,701,-38
-4968,1052,17300,-659,-303,-30
-4200,828,16924,-672,-617,120
-3712,736,16720,-133,-369,519
-3656,1016,16736,-185,309,326
-4320,988,17164,-152,429,293
-3580,868,16660,-244,810,-177
-2580,964,16292,-209,2609,-903
-2384,1400,17316,-536,7772,-1685
-3212,616,17832,-270,10161,-1571
7180,560,22064,1109,-2270,789
-12712,2108,13332,-634,-5711,642
-24900,344,7420,-2189,-569,2298
-4144,956,16596,-2268,-1789,-2790
-5480,176,16884,-2425,-1656,-2606
-4680,-84,17112,-614,-1332,-65
-4468,-200,17356,1323,39,1919
-4936,540,17400,1671,631,1721
-4456,2644,16352,830,795,1165
-4444,1580,16056,-1134,1104,-527
-4300,932,16364,-1192,2296,-1293
-3948,1104,16344,-1670,5067,-614
-2452,-424,17616,-1141,9053,-981
-5300,1952,17052,-1198,11939,603
-1800,2296,19236,-2816,-299,10291
-18276,-528,9840,-6823,-3069,17015
-8500,2724,15216,-6808,-6781,11149
-6808,5492,17012,-4041,-8402,-5110
-3228,-2508,16452,-1359,-4506,-5636
-3052,176,16644,23,654,600
-4980,440,16952,1864,3655,2777
-5244,596,16184,1060,3731,766
-6180,944,16476,447,2410,-182
-6100,812,16384,-40,1656,-115
-5880,568,16340,-124,1123,-488
-5188,620,17100,-344,2294,-328
-4460,68,16776,494,4401,-1485
4660,2104,22316,4073,3015,-5201
19688,1344,31048,5342,-9753,-8861
-4244,1556,16716,6199,-13296,-11828
-27024,3952,4272,1497,-5204,-7150
-32768,-20928,6124,-615,781,-5212
-5176,-1284,17168,945,665,2428
-5672,1408,17184,286,-315,1149
-4928,320,16908,14,-933,641
-4084,1044,16824,462,-629,1047
-3880,976,16924,-140,333,132
-4552,788,17008,-75,1130,122
-4524,788,16884,90,1516,147
-4728,728,16876,140,2052,242
-5092,972,16748,107,1989,442
-5112,1060,16644,-265,1511,83
-5096,924,16620,-495,1526,-74
-5112,1156,16752,-718,2151,-174
-5968,792,16648,-732,2107,-207
-7120,496,16452,-194,166,477
-6128,956,16348,-221,-2435,88
-5548,928,16952,-671,-3696,-118
-4580,752,16864,-686,-3086,177
-3408,596,16804,-287,-786,640
-3380,1044,16696,-143,2444,169
-6040,536,16660,-78,3175,537
-6588,1120,16652,371,-1325,1071
-5480,1360,16932,-556,-3386,30
-4112,960,16832,-1206,-3966,-192
-3592,536,16848,-894,-1789,123
-3248,576,16776,38,642,494
-4200,1376,16800,96,2445,410
-4752,1132,17172,-405,3292,-616
-4820,864,17072,-521,3887,-634
-3984,1236,16868,-1259,6051,-575
-3964,1488,17672,-3526,9033,1276
18296,6032,30028,-3470,-738,8337
8736,-1348,27364,-529,-12785,5687
-18588,9724,10752,1374,-12199,579
-32768,-14536,2636,-93,-768,-2526
2480,7276,14660,1407,3559,-3451
-5420,1116,17796,1307,3683,1722
-5452,1488,17072,36,2301,393
-5284,1060,17072,-978,1317,-542
-5256,1056,16872,-1192,1052,-180
-5416,496,16640,-455,66,506
-5320,716,16712,-63,-931,466
-4720,928,16840,-75,-749,484
-3956,888,16588,-174,703,274
-4172,556,16796,164,3092,155
-5140,1592,17080,494,3327,1067
-4068,672,17648,-1080,-774,2377
-11516,-2224,18408,108,-2924,1856
-4256,1748,16640,-1431,-3998,-378
-2340,680,16464,-1560,-1173,-1078
-5012,308,16924,-164,892,541
-4924,568,16816,526,179,724
-5284,1428,16920,636,-203,909
-4580,1252,16804,-16,-700,253
-4524,1300,16836,-419,-343,201
-4572,900,16824,-545,320,127
-4676,908,16896,-353,449,283
-4724,1072,16824,-297,460,297
-4300,980,16788,-248,1024,97
-4472,1008,16856,-308,2135,118
-4244,1220,16648,-756,3309,-22
-4928,856,16400,-987,4179,-515
-8220,-688,16564,-460,896,1652
-6268,900,16672,589,-1653,1897
-4568,-432,16196,335,-2720,-579
-4112,1980,16124,673,-2033,-2519
-4256,1300,16976,551,496,-2246
-6292,1432,16176,127,1630,-703
-6992,820,16376,763,270,1661
-5552,1908,16316,443,-2866,1396
-4680,1348,17072,-60,-2818,834
-3876,1644,16668,-298,-1123,547
-3912,1512,16940,-557,1255,-1
-3996,1420,16812,-848,3509,-612
-5512,1336,17152,-1229,5308,-1139
-5960,1392,16296,-1783,4757,-1039
-5640,504,17108,-1069,3055,-728
6808,5708,22476,-227,-847,19
16232,8452,30132,647,-12915,3321
-31784,-7004,-6840,-1872,-12083,2816
11632,-4396,9488,1478,257,1295
-2848,1952,15740,-509,2012,-64
-4860,1036,17744,653,2461,287
-4704,1824,17352,-71,1625,561
-4876,1764,16844,-923,718,-372
-5212,808,16992,-1019,-258,-104
-4124,804,16916,-524,-547,572
-3816,1480,17068,-483,1942,411
-4284,1024,16500,-563,1140,-236
-4636,972,17208,-622,2260,-278
-5288,1212,16792,-944,2289,-177
-5496,956,16664,-1078,1388,-216
-5036,664,16528,-738,524,-207
-5220,964,16768,-644,493,-140
-4908,716,16716,-307,452,-7
-4444,1120,17076,-314,1766,-78
-4036,420,16504,-113,3423,-822
-5912,920,16668,272,4035,-976
-5748,288,16456,1002,4237,-514
-7536,1740,16236,294,2882,1623
-7712,972,15652,-34,-544,2003
-6928,1736,15964,65,-3099,634
-5512,936,16568,-411,-3661,-91
-5480,880,16656,-326,-2471,16
-5272,1080,16576,-377,-1603,666
-5132,1144,16568,-593,-730,316
-5444,728,16644,-514,-139,212
-5048,1184,16504,-300,323,257
-4784,1096,16824,-527,1781,-343
-4760,1372,16876,-889,4511,-375
-5060,1276,17088,-1996,7559,-1745
-5084,-32,16912,554,10302,-3563
5532,7640,22768,1034,5495,-5583
19372,14644,32767,-2883,-13448,156
-9304,-2952,15712,6462,-19603,5765
-32768,-21420,-3460,-50,-6251,5124
-5252,3388,17208,1706,753,2390
-3688,2052,16652,254,3178,387
-5448,1376,16860,-56,4318,780
-6100,1760,16432,-551,2094,79
-6052,1384,16448,-853,-410,-564
-5336,1220,16824,-581,-1379,86
-4364,1388,16792,-462,-763,283
-3372,1692,17052,-472,3136,225
-3104,2756,17216,-2741,11099,-1738
-3240,796,20020,-2859,10087,-4301
11732,9564,26108,761,-14650,3919
-32336,-2576,712,-1506,-11429,4041
16060,4016,9100,473,-5230,742
-3740,1252,16768,779,1876,1136
-4272,2072,16716,90,3033,542
-5612,1668,16600,-529,2182,174
-5484,1284,16732,-679,306,-344
-5452,1084,16688,-451,-1164,279
-4752,1208,16836,-452,-1241,212
-4432,1276,16912,-117,-377,593
-3776,1548,16904,-47,1312,441
-4180,1448,17164,-265,4536,-165
-4612,1504,16836,-1170,7219,-1690
-4800,-1200,18880,-477,6401,-2694
-372,1288,19872,2059,-1135,-4289
-16924,-216,11120,2528,-2816,-4411
-6996,1652,16616,177,-1099,626
-5028,1892,16492,-390,1782,600
-5984,1088,16312,-935,3044,-109
-6684,892,15508,-781,2175,0
-7548,616,15696,603,-2615,805
-5544,1388,16520,192,-3889,515
-5500,1352,16616,-341,-3072,243
-5980,1268,16740,-491,-1745,73
-5136,1272,16748,-455,-988,176
-5100,1224,16696,-518,-284,137
-5372,1100,16536,-477,-401,206
-5236,1088,16584,-534,-100,-20
-5304,1100,16596,-604,369,-24
-5228,1068,16528,-623,360,16
-5436,1024,16712,-649,444,30
-5080,940,16504,-560,361,166
-4144,1360,16804,-738,2890,223
-4452,3100,17428,-3976,9158,-1568
-3768,1876,15516,-6442,10801,-4663
7684,7904,24420,5261,-5560,-1587
-16544,-8876,9280,5646,-14854,5038
5996,8512,11632,3597,-7296,4532
-1936,972,17240,1160,-1740,1829
-3464,1172,16972,665,3470,885
-5396,1744,16596,-93,4553,403
-5804,1412,16532,-677,3875,-512
-5520,1620,16488,-1595,3839,-1293
-5560,744,16396,-982,3008,-2544
-6500,1656,16664,1159,747,-3112
-13348,-2372,13748,1270,-5725,-2311
-6616,2956,16652,2118,-6498,1443
-6128,1880,17216,1301,-6713,2833
-3252,1548,16816,71,-4221,1179
-4848,2216,17000,974,-1226,1942
-4472,1812,17048,-34,-1046,684
-4460,2312,16700,-661,-1028,273
-3860,1128,16712,-1300,-439,-448
-3792,936,17120,-579,809,-177
-4720,1280,17284,-48,913,210
-4472,1304,16868,239,407,337
-4396,1320,17136,393,565,400
-4280,2116,16716,-202,268,106
-4792,1616,17016,-720,-138,-158
-4596,1168,16928,-684,-863,49
-4296,1300,17048,-41,-359,457
-3988,1484,16812,200,-46,531
-4280,1796,16828,-104,473,325
-4300,1628,16956,-584,525,-89
-3996,1768,16828,-773,781,-408
-4272,1176,16952,-808,1768,-860
-5604,1016,17224,-220,960,278
-4320,1360,17100,-145,805,397
-4412,1772,16584,-250,1309,477
-3632,2212,16576,-1245,2613,-819
-4216,1800,16824,-1489,4617,-1109
-6080,908,16536,-934,4335,-69
-6336,956,16428,-599,1950,18
-6612,928,16388,-473,239,20
-6356,1240,16168,-156,-2434,599
-5684,932,16708,-168,-3686,58
-5468,1452,16788,-134,-4121,319
-4516,1344,16808,-383,-3554,368
-3860,1408,16876,-658,-1927,238
-3880,1100,16708,-528,-96,121
-3548,1056,16528,-277,1494,-42
-2800,1284,16888,-346,5004,-746
-3936,2428,17456,-2141,9815,-2888
-4956,1404,16220,-4049,13372,-5992
-12064,-2220,14028,-1418,5774,-34
-9324,1348,14204,986,-4970,6306
-6120,1796,16020,1117,-9939,2166
-4624,868,17404,-709,-8749,-1812
-3356,268,16644,-463,-3403,552
-3780,816,16816,228,409,1155
-3988,1204,16776,-236,2781,61
-3976,1024,16972,-1183,5829,-1339
-4716,864,16680,-2240,9378,-1151
-3816,1536,19020,-592,11978,-1024
16980,22324,28808,-906,3850,7878
19492,4060,31928,-2772,-14982,14066
-9500,-2844,14196,-1362,-17406,6680
-30012,-2560,-3144,-2356,-5689,3223
-32768,-22424,-2132,-593,2666,-1051
-2516,344,17240,703,346,1560
-4936,1412,16960,59,1282,666
-4100,1576,16920,-4,2485,437
-4784,1448,16628,-158,3287,284
-5060,1420,16568,-256,2771,215
-6112,1320,16544,-217,1037,229
-5152,1512,16488,-230,-185,218
-4628,1424,16588,-279,752,246
-4080,1452,17212,-294,3483,558
-3624,1412,17216,-532,9315,810
-5068,1028,16780,-197,13973,-1019
10420,476,26256,1870,7159,-1031
9864,4604,24624,3309,-12894,-3113
-17596,1576,11580,-475,-17024,-519
-32768,3076,-6176,-459,-5025,1819
-3236,164,17272,-390,-1146,-7
-5832,1704,16628,141,-172,1099