-4020,2428,16952,-336,97,258
-4096,2392,16720,-319,96,254
-4024,2356,16804,-313,112,270
-4032,2392,16856,-333,88,243
-4088,2316,16792,-312,141,270
-4104,2392,16896,-315,105,274
-4116,2404,17044,-307,121,280
-4076,2292,16884,-278,114,266
-4128,2400,16780,-277,119,263
-4084,2356,16904,-292,115,244
-4020,2424,16888,-282,112,294
-4060,2384,16980,-319,108,272
-4148,2472,16828,-321,116,236
-4080,2380,16976,-300,91,259
-4084,2352,16772,-343,111,252
-4192,2488,16768,-327,98,248
-4168,2388,16788,-307,88,236
-4084,2340,16832,-310,81,258
-4060,2356,16832,-329,105,238
-4076,2484,16964,-301,110,279
-4052,2396,16892,-292,92,295
-4116,2552,16856,-326,74,279
-4000,2408,16828,-286,50,268
-4032,2388,16920,-297,92,288
-3924,2416,16740,-344,60,248
-4072,2392,16924,-312,80,262
-4020,2392,16868,-284,76,289
-4048,2372,16912,-280,82,249
-4068,2468,17032,-282,68,276
-3976,2404,16904,-309,71,259
-4140,2484,16904,-306,79,210
-3964,2488,16788,-355,51,220
-4076,2448,16824,-346,70,256
-4028,2540,17032,-222,110,308
-4004,2372,16920,-175,153,330
-3820,2460,16828,-202,352,245
-3452,3020,16024,-432,690,-5
-3404,2756,16884,-975,1590,-1079
-1848,-604,17600,-916,3912,-3934
-4112,4168,16820,-4517,5802,-9370
-2496,3204,21284,-1646,5966,-12644
-1552,16212,21232,-723,2895,-6932
3472,12324,17156,-24,1311,3187
3732,6740,19928,2590,672,9137
1544,1844,23448,4430,-4500,10908
992,-2176,21164,2879,-8426,9172
-168,-2416,19024,2761,-9434,6303
-1224,-1560,18820,2308,-8960,3153
-6600,1368,22452,4307,-9529,1910
-8824,6100,18604,2940,-12252,3566
-7468,5780,12368,2,-10695,6265
-8248,1804,13164,726,-7962,6543
-8360,-2060,13072,4110,-5889,2150
-8132,-1108,9696,4340,-3979,-1316
-9724,540,11064,-259,-1160,-2112
1600,8976,22936,-2427,11002,-4567
-2868,8856,16644,-2498,16649,-1895
-5164,-868,23580,-1817,12359,-1807
-5176,5592,19528,897,8714,-1670
-8520,6600,22704,-2283,5564,-1406
-4536,3644,18184,-4034,3321,-1104
-5120,2700,19392,-3653,1652,-890
-4068,2784,17564,-2886,1127,-399
-4044,3096,17096,-2404,967,-130
-3532,3252,16536,-2938,945,-202
-4088,3000,17084,-1043,511,124
-3612,2800,16672,-791,653,117
-3808,2944,16800,-925,814,-84
-4308,2796,17244,-623,1052,-76
-3712,2864,16412,-747,1003,-101
-4164,2788,16716,-658,1178,-115
-3876,2476,19204,-309,1327,-50
-4412,2792,17052,-576,963,-92
-4544,2740,16848,-624,537,16
-4504,2540,16808,-780,339,20
-4588,2580,16904,-642,92,97
-4628,2572,16928,-319,-177,351
-4320,3032,16440,-750,-214,132
-4268,2600,16724,-676,72,112
-4084,2584,16636,-760,112,76
-4160,2780,16452,-1179,395,-186
-4200,2432,16600,-1328,740,-389
-3876,2436,16612,-1282,1455,-673
-3976,2324,16752,-1560,2368,-995
-3292,2084,17044,-961,5315,-1322
-3400,1208,16824,-284,9972,-2246
-4468,2432,17552,110,15732,-3940
-4972,2576,18132,2051,21961,-6024
-4140,-756,21044,4200,27609,-8112
-1848,-2932,32680,9295,22189,-14197
-1264,9140,27880,3341,8052,-13697
1232,8784,23068,-243,-4431,-7845
1184,7172,18716,-992,-9800,-2539
-1532,7092,18412,-455,-14513,2609
-3436,6932,17712,-18,-17680,7411
-6172,6488,19672,546,-19880,11091
-8516,3536,20760,1371,-23378,11848
-8576,3844,17812,2402,-22920,9625
-9180,4992,18124,4430,-17869,9126
-13984,4424,24520,8577,-15849,9789
-14832,1592,18556,6503,-19580,9634
-13872,-3244,12664,5350,-15596,6920
-19444,-8888,8156,7129,-10510,-702
-16716,-3300,-980,8405,-1844,-12248
-8972,4256,19096,-19300,11679,-11092
9200,2060,2976,-12996,22666,-2689
-4304,-8268,25828,-6694,18156,-5521
-12152,10748,25064,-3617,14959,-4013
-2928,-564,19316,-7552,5701,-2112
-4548,1544,18540,-4152,2071,-957
-4824,2040,18624,-2464,962,-406
-4260,2428,17448,-1374,552,-48
-4092,2524,17100,-1326,373,-1
-4232,2344,17176,-1392,378,17
-4088,2336,16780,-1108,502,66
-4348,2380,16912,-1169,514,-22
-4048,2116,17464,-937,389,1
-4220,2312,16980,-1058,350,-10
-4308,2112,16752,-1123,314,-18
-4160,2000,16912,-1024,249,-47
-4328,2104,17000,-864,93,5
-4088,1904,16968,-676,-7,14
-4148,1984,17048,-671,0,75
-3884,1960,16628,-959,17,-105
-3932,2080,16584,-1090,75,-374
-3876,1936,16792,-1282,467,-656
-3900,1552,16828,-1089,842,-954
-3928,1708,16544,-1020,1531,-1339
-4040,1816,16972,-1314,2337,-2300
-3588,1612,17276,-2415,5383,-3093
-4080,3396,17204,-4650,10026,-3836
-4588,1104,15996,-7632,14973,-5077
-6640,4740,17840,-10649,21185,-8419
-7032,-28,17148,-11246,28262,-11797
-6100,-3996,15504,-8065,32767,-15054
-9312,16512,32767,10028,18848,-5937
404,8432,20528,3009,5085,3163
996,3968,18624,2480,-1772,6474
-1392,-612,22344,4469,-9095,5967
-2740,1580,18476,5959,-17022,5540
-5596,1836,17976,7943,-20845,6347
-8984,2692,18116,9070,-23006,7269
-12232,4220,20300,10043,-24045,10279
-11940,3536,19132,8297,-22773,13761
-10012,840,16832,10462,-17035,14691
-18580,1956,28208,12873,-13879,14377
-18584,1000,17384,4453,-22030,13178
-16152,-6020,4912,3899,-13419,9248
-20924,-10128,-2732,8676,-5549,1161
-14068,-148,-7276,-16733,15129,-10275
6260,4752,1416,-21112,18407,-8599
-8792,-8660,30088,-10725,19909,-4571
-32768,23116,32767,-12032,11802,-4788
-7768,8720,18176,-4065,2720,-390
-5700,2920,18488,-4257,1474,-852
-4720,1752,17880,-2820,1190,-496
-5636,1508,19040,-1519,655,-171
-4380,1848,17032,-1237,436,-84
-4340,1852,17224,-1132,163,-40
-4264,1952,16948,-1054,208,-136
-4200,1528,16960,-979,132,-143
-4232,1696,16884,-752,116,-76
-4404,1484,17292,-692,37,-54
-4172,1504,17032,-457,-31,138
-4224,1528,16976,-324,34,198
-4276,1460,17120,-225,53,294
-4336,1448,17064,-82,-16,393
-4128,1520,17100,37,82,430
-4128,1732,16780,-106,21,278
-3856,1880,16608,-172,212,61
-4172,1964,16688,-604,346,-376
-4088,1624,16928,-782,604,-821
-4172,1700,17088,-846,869,-1069
-4120,1600,16996,-835,1215,-1396
-4224,1584,16928,-1318,1920,-1808
-3284,1152,17180,-1089,4954,-1576
-3996,2736,17104,-2102,8762,-2009
-5324,1268,17400,-5184,11658,-2793
-6048,1124,16524,-5433,14030,-3970
-6884,-424,16388,-4954,17116,-5351
-7996,-1108,16216,-2279,20724,-7018
-8676,-1680,15544,-2095,24526,-9136
-32768,-10440,32767,5220,24994,-11201
-6612,8756,32767,4651,6236,-8064
-2536,8456,21164,2670,-5936,314
-1256,5984,14848,2975,-11386,6884
-4924,3520,17488,4784,-15497,11828
-8232,12,15848,3582,-20084,14587
-12568,-1716,14704,3397,-20829,16288
-15336,-7624,14136,490,-18997,13283
-17344,-7852,15088,-718,-17894,4462
-17428,492,9936,-1439,-13728,407
-14400,3792,5388,-2767,-6552,2289
-9616,-1220,-3084,-4768,6530,2769
-30468,3580,32767,448,-3843,6396
-3768,-220,15400,1966,-1928,3465
-4880,1956,17820,-2069,-759,-954
-4808,1792,17232,-810,97,-267
-4384,1152,17040,19,215,232
-4524,1552,16864,518,288,657
-4484,1800,16876,577,137,751
-4540,1956,17100,193,-216,566
-4548,2208,16932,-9,-394,480
-4316,1708,16864,3,-429,466
-4404,1792,16868,139,-325,548
-4244,2048,16816,137,-179,475
-4168,2040,16712,-106,0,368
-4184,2076,16760,-270,90,268
-4192,1920,16832,-348,153,219
-4260,1812,16864,-344,135,196
-4328,1804,16880,-319,172,216
-4200,1928,16728,-276,161,259
-4240,1868,16880,-282,75,260
-4156,2084,16856,-311,41,233
-4352,1844,16880,-270,47,275
-4344,1896,16780,-285,5,284
-4252,1936,16868,-311,-19,285
-4132,1912,16932,-288,-34,303
-4156,1940,16956,-305,-1,285
-4116,1972,16864,-314,-9,281
-4140,1940,16760,-297,32,253
-4188,1948,16840,-351,77,265
-4160,1904,16980,-375,82,246
-4264,1884,16812,-391,117,230
-4136,1880,16788,-370,112,250
-4120,1896,16836,-377,162,230
-4284,1876,16800,-401,191,189
-4236,1884,16780,-400,204,196
-4312,1852,16956,-363,185,205
-4176,1920,16980,-368,215,245
-4204,1924,16836,-413,168,197
-4352,1860,16816,-414,166,204
-4192,1796,17016,-415,153,182
-4308,1812,17096,-383,118,223
-4344,1904,16912,-370,138,212
-4160,1812,16876,-348,116,245
-4284,1804,16868,-318,70,241
-4360,1820,16908,-355,100,255
-4216,1776,16980,-307,62,255
-4336,1880,16948,-342,75,279
-4416,1964,16788,-277,91,243
-4240,1776,16908,-295,61,274
-4300,1760,16876,-267,47,308
-4240,1844,16924,-295,6,278
-4300,1936,17036,-283,32,295
-4292,1956,16992,-252,27,306
-4136,1936,16884,-193,-43,340
-4316,1856,16968,-224,-9,367
-4388,1920,16948,-176,-97,386
-4368,1884,16964,-104,-173,429
-4268,1876,16932,16,-276,503
-4160,1952,17028,49,-254,475
-4020,2080,16892,77,-263,504
-4008,2180,16812,-226,-57,330
-4052,2020,16820,-283,35,296
-4080,2136,17004,-300,47,259
-4028,2064,16836,-348,110,230
-4172,1868,16948,-326,132,252
-4076,2144,16896,-349,108,215
-4088,2032,16864,-384,177,221
-4084,2028,16944,-382,160,209
-4212,2072,16936,-355,174,240
-4048,2008,17000,-367,157,233
-4096,2024,16944,-410,202,192
-4060,2028,17020,-379,162,230
-4180,2016,16896,-367,152,209
-4160,1928,16884,-410,133,217
-4180,2048,16952,-341,129,239
-4168,2016,16892,-370,136,238
-4128,2044,17008,-322,146,268
-4172,2044,16920,-355,108,236
-4124,2008,16924,-381,129,232
-4064,2048,16896,-347,107,253
-4196,1876,16976,-305,108,225
-4164,2016,17048,-327,71,267
-4180,1996,17092,-270,74,278
-4184,2068,16912,-270,27,285
-4248,1980,17036,-193,-14,342
-4016,1940,17012,-143,-97,393
-4032,2112,16884,-254,8,305
-4148,2092,16720,-284,24,284
-4044,2100,16944,-288,56,261
-4076,2072,16940,-361,73,239
-4052,2028,16876,-345,75,257
-4076,2052,16904,-302,104,274
-4064,1996,17040,-303,120,269
-4132,2164,16972,-294,67,262
-4016,2020,16988,-297,58,258
-4080,2088,17076,-314,37,277
-4056,2056,16880,-341,73,258
-4148,2100,17076,-305,37,272
-3956,2100,16972,-308,100,227
-4096,2180,16788,-317,88,260
-4068,2012,16932,-314,69,273
-4052,2060,16984,-303,65,267
-4124,2020,17012,-337,90,254
-4120,2016,16988,-352,81,258
-4020,2056,16936,-330,80,272
-4084,2020,16948,-341,104,258
-4096,1968,17000,-269,72,243
-3980,2056,17032,-276,112,245
-4076,2036,16796,-314,83,242
-3988,2084,16940,-320,110,246
-4120,1992,16928,-310,103,263
-4056,2068,16932,-347,112,250
-4040,2092,16872,-355,109,228
-4048,2048,16876,-365,119,251
-4108,2116,16816,-334,118,236
-4008,2008,16976,-371,124,216
-4088,2064,17016,-404,148,219
-4016,1964,16920,-383,169,225
-4164,1984,16936,-388,144,207
-4128,1996,17080,-369,133,223
-4088,1912,16880,-385,118,212
-4056,2084,16984,-408,114,189
-4172,2020,17064,-375,144,226
-3988,2040,16764,-376,132,215
-4032,2056,16876,-382,117,201
-4120,1940,17000,-352,144,258
-4096,1920,16944,-361,146,203
-4112,2072,16864,-324,133,233
-4096,2052,17004,-352,106,239
-4068,1888,16824,-364,90,216
-4104,2020,16892,-350,86,249
-3992,1960,16872,-320,102,282
-4048,2028,16928,-340,114,253
-4084,2004,16940,-329,104,247
-4196,2080,16912,-307,78,259
-4092,2024,16980,-339,62,260
-4124,1940,17056,-343,121,234
-4088,2024,16888,-358,134,214
-4112,2052,16664,-333,86,254
-4100,2004,16932,-358,88,246
-4124,2104,16828,-351,102,251
-4028,1892,16936,-356,110,258
-4144,1988,16852,-325,117,265
-3972,1944,16864,-334,98,229
-4020,1956,16924,-326,106,270
-4104,2036,16968,-339,122,265
-4148,2000,16852,-342,135,266
-4256,2012,17060,-330,120,251
-4080,2052,16872,-356,103,249
-4120,1968,16848,-334,87,227
-4104,1976,16988,-352,115,241
-4140,2012,16936,-327,115,254
-4192,2044,16940,-327,107,229
-4028,2084,16884,-372,125,216
-4176,2008,16852,-355,91,251
-4068,1968,16816,-332,86,251
-4148,2032,17032,-312,128,256
-4112,1940,16984,-316,106,245
-4084,2096,16836,-302,109,242
-4024,2012,16936,-323,102,252
-4084,2044,16840,-343,122,237
-4144,1948,16948,-341,107,246
-4040,1864,17016,-334,80,255
-4116,1972,16988,-340,93,257