-4248,1876,17044,-225,74,278
-4248,1984,16844,-282,100,294
-4220,1940,16916,-265,102,288
-4288,1988,16896,-228,89,301
-4184,2072,16836,-238,67,319
-4272,1996,16844,-182,57,329
-4240,2028,16896,-244,77,275
-4200,2068,16836,-280,100,259
-4276,2048,16896,-275,130,285
-4116,2024,16948,-296,153,248
-4256,2180,16816,-299,100,266
-4176,1992,16952,-312,105,277
-4308,2060,16972,-304,72,267
-4216,1980,16928,-284,93,245
-4220,2020,16964,-298,116,256
-4184,2012,16916,-277,117,280
-4112,1904,16904,-320,143,275
-4144,2092,16972,-329,121,292
-4208,2084,16720,-269,86,307
-4216,2024,16844,-276,121,310
-4176,2092,16868,-247,126,322
-4192,2084,16916,-287,105,272
-4236,1988,16952,-367,118,231
-4292,2072,16892,-333,121,256
-4224,2016,16820,-319,150,266
-4220,1920,17012,-258,105,305
-4276,2144,17004,-244,29,317
-4248,1984,16976,-246,-16,341
-4280,2092,17020,-178,-186,364
-4404,2004,17160,151,-342,436
-4056,2156,16904,356,-439,572
-4060,2252,16676,137,-298,471
-4204,1992,17492,333,-215,461
-3912,2300,16484,374,-103,467
-3976,2380,16908,106,93,350
-3408,4108,15664,470,60,461
-3696,2952,17008,-762,533,-196
-1108,3128,14512,-3005,2781,-2067
-3372,1140,24076,-1505,8214,-17074
-1960,17688,27876,2952,2910,-20268
9000,16700,16456,6235,1051,-11404
10152,10412,18364,8986,649,-532
5072,3668,20792,9645,-550,6286
-1600,5600,21928,9411,-3902,11316
-5516,7240,19748,3143,-7382,15380
-6892,3136,18684,-3672,-9521,16910
-6328,324,16980,-5184,-8727,15404
-7420,-388,18352,-1423,-7871,11963
-7936,1384,16728,1541,-9339,8539
-8656,-1196,14092,517,-10615,5028
-9408,-4120,9372,267,-8214,1469
-12644,-3016,7000,-386,-2771,-3474
-11676,3520,6416,692,1957,-6885
5616,13232,8240,-7295,14321,-2626
-8516,-2812,27996,-6542,22345,-985
-6136,-268,21608,-248,14708,-5221
-19672,14844,29524,-8599,5438,-1889
-5808,6536,17360,-5070,1792,-928
-3984,2684,16900,-3807,1159,-618
-4232,1568,17840,-1796,1103,-8
-4396,2132,17344,-688,1136,262
-4384,2216,17244,-450,798,221
-4076,2292,16504,-448,761,189
-4328,2256,16784,-629,736,121
-4320,2236,16860,-562,538,104
-4396,2368,16792,-1326,240,-195
-4612,2060,17040,-1493,-82,-302
-4396,1856,16756,-1287,-209,-279
-4240,1892,16716,-1146,27,-272
-4188,1492,16976,-978,217,-229
-4260,1732,16700,-580,461,-109
-4232,1656,16656,-432,852,-284
-4428,1892,16564,-367,945,-396
-4632,1900,16792,-368,906,-576
-4564,1616,16856,-421,1019,-807
-4400,1796,16520,-457,1522,-904
-4144,1920,16800,-805,2809,-1280
-3804,2216,16976,-1347,5193,-2191
-4632,1844,16740,-2408,8757,-3286
-5400,1244,16848,-3585,12890,-3937
-5788,1868,16344,-3745,17188,-4654
-7848,-880,16272,-5765,21564,-4897
-8116,-2048,17672,-1754,25961,-5353
-9424,2320,32767,12520,15142,-2306
-2052,4808,22504,6736,5662,-3532
-1580,5988,21900,-697,-2519,-3959
-384,3040,20044,1273,-7208,-2911
-1308,2700,19492,2132,-12795,-2919
-4104,7712,19764,3153,-17581,-174
-6452,9816,17380,3737,-20541,7576
-8908,5668,19612,4443,-20780,13280
-8864,-108,19952,4214,-21669,11156
-7864,-64,18872,6189,-21457,4656
-9024,2540,18764,9262,-17644,1368
-9284,4536,16148,11149,-12238,2163
-13152,7068,19028,12478,-10029,6697
-18480,6332,21876,10481,-14320,11999
-12756,-1896,7288,5541,-11312,13001
-16324,-8448,4332,2558,-6648,8155
-14528,-4860,9736,202,-1421,-617
-9848,3748,6948,-4381,2900,-1623
17280,13996,32767,-8823,14708,4328
-4064,-620,24236,-14192,26865,-5089
-5880,-1620,24568,-6849,17035,-3070
-3664,3688,18620,-3744,11688,-2150
-5576,3856,19712,-4266,10858,-3085
-6096,-376,23420,-8352,3824,-1917
-5684,2004,19560,-4945,1273,-892
-4632,1984,18336,-3269,950,-300
-3804,1896,17296,-1788,563,131
-3756,1572,16980,-1337,478,217
-3600,1996,16756,-1024,416,237
-4008,1932,16908,-1312,754,-21
-3576,1944,16508,-1352,747,8
-3856,1148,18104,-1525,1191,-292
-3884,1464,17152,-809,694,-21
-4000,1344,16980,-520,857,-26
-3968,1240,16808,-144,1237,-167
-4420,1792,16924,516,1535,30
-4652,2072,17248,528,1369,-39
-4612,2048,16788,340,1021,-96
-4672,1896,16640,29,696,-108
-4524,1920,16888,-142,611,-186
-4364,1836,16708,-175,673,-360
-4240,1616,16624,95,1182,-638
-4492,1760,16732,38,1982,-811
-4096,2308,16852,87,3229,-612
-4248,2192,16704,-313,5398,-1504
-5196,2156,16728,-616,8702,-1915
-5180,2012,17196,-1097,12477,-2010
-5104,2368,16060,-1832,18336,-2764
-6484,4152,16296,-5026,25526,-5344
-12052,3592,16508,-3907,32767,-10245
-8200,1268,14388,10141,32767,-11240
-32768,8916,32767,-4466,28590,-15439
-3396,10552,29220,-1719,-5741,-4423
2192,4264,14840,830,-9910,2634
-2428,944,20900,3002,-16252,4568
-2696,-136,16380,1758,-23945,3885
-6128,2612,16424,3394,-25929,3780
-9756,5360,16304,4813,-27853,6916
-13172,7552,17176,5447,-26327,10954
-13724,5804,18996,4592,-24902,15813
-10836,1876,17252,5061,-20543,15682
-13796,236,23460,8225,-15528,12962
-19636,1596,25564,11830,-21308,11694
-15824,-1700,12964,6019,-20236,7230
-20976,-8632,8220,8936,-13819,1294
-16660,-4864,-4416,4932,-3288,-8082
-5348,9216,26948,-16404,12470,-10380
4840,8636,8336,-13040,22575,-436
-8780,-8972,30796,-7938,20894,-1641
-9188,6772,22972,-3264,15550,-4743
-16984,9236,28816,-9584,9116,-3541
-5232,3188,18340,-5993,3951,-1583
-5676,2412,18992,-3893,2354,-851
-5428,2476,18328,-2693,1544,-371
-4576,2068,17436,-1624,662,-89
-4308,1904,16996,-1178,410,-16
-4052,1556,16936,-366,684,140
-4460,1700,16740,293,988,183
-4456,1904,16768,457,934,131
-4676,2132,16980,156,736,70
-4636,2252,16856,-333,463,32
-4392,2208,16640,-734,128,-277
-4632,1820,16632,-951,-89,-375
-4384,1628,16768,-734,-178,-192
-4480,1748,16780,-477,-159,-81
-4600,1600,16908,-365,-176,-99
-4580,1592,16788,-77,-461,1
-4128,2160,16752,-77,-832,-192
-4148,1940,16796,-509,96,-552
-4208,1860,16768,-589,649,-786
-4120,1852,16844,-913,936,-1098
-3828,2072,16924,-1398,1774,-1959
-3156,1644,16888,-1549,4803,-2412
-4248,2364,17312,-887,8469,-2179
-5284,1748,16680,-4183,11945,-2039
-5316,788,17128,-6195,15399,-1702
-5908,1588,16712,-8555,20650,-3389
-8664,228,16416,-11464,27792,-5532
-24696,-8904,1120,704,32767,-6132
-24068,3244,13696,-4218,32767,-8443
-1792,12804,30116,6646,5062,1052
-856,1856,23456,1964,-3426,3868
-1152,-668,20148,2685,-13270,2792
-4148,1112,19136,6395,-20215,1642
-5636,3040,15852,4456,-23988,3880
-7656,916,17060,6138,-26009,5359
-10704,1552,19280,6349,-26871,4987
-12000,5196,17148,5934,-25279,7434
-11412,3932,17884,6597,-22087,10485
-8692,852,15820,7982,-15249,9480
-16880,2448,27320,14700,-15037,9626
-18376,4216,17936,5420,-20839,9735
-16848,-2632,7804,1255,-17676,8396
-21780,-8344,3132,3716,-8200,3336
-18712,-3184,2168,718,3324,-3812
1960,8240,18308,-5611,16886,-1023
-3772,-2356,18580,-10266,25651,-6125
-6820,1656,21348,-5577,20385,-5608
-28692,13944,32767,-6677,9738,-3790
-6812,5264,19060,-2768,2707,-591
-5080,2112,18560,-2818,1100,-453
-4040,2132,17416,-1715,671,-50
-3996,2120,17160,-225,582,406
-3768,2524,16768,-480,431,327
-4044,2196,17020,-614,314,218
-3132,2240,16328,-328,586,277
-3912,1888,17308,-294,1233,135
-3916,2160,16800,144,1197,236
-4196,2348,17000,316,1094,243
-4216,2476,16772,290,1108,151
-4160,2952,16344,-523,1082,-194
-4580,2476,16964,-851,719,-287
-4632,2152,17112,-977,268,-310
-4052,2264,16516,-1030,228,-343
-4380,2040,17004,-543,746,-296
-4272,2552,16764,-1107,677,-625
-4268,2088,16744,-1463,706,-1192
-4356,2004,17068,-1221,1416,-1568
-3908,2024,16864,-1279,2903,-2367
-3640,2308,17008,-2093,6176,-3795
-5096,2204,17192,-4221,10881,-4356
-5460,156,16920,-6916,16086,-4431
-5556,1420,17404,-4916,23038,-6143
-7004,-2148,17136,-6044,32767,-9470
-8364,2476,17004,15171,32767,-12497
-32768,7760,32767,-1861,32767,-15947
1496,12672,19584,-4615,2691,2310
184,-1364,23536,-1528,-9921,6441
-976,-4016,18076,166,-19346,1138
-5188,2724,17196,3304,-25473,-661
-8388,7564,15104,3976,-28659,4881
-10684,3660,16280,6222,-28833,9099
-13644,5276,18324,6594,-28408,11305
-13020,5284,18392,5996,-26083,14701
-14804,3908,23924,7806,-22310,16662
-15624,1192,23368,8377,-23697,14126
-18052,404,18684,13115,-20812,9878
-24344,-3376,8860,15675,-16141,6894
-23344,-11268,-18456,11504,-5590,-1214
-16392,10012,31076,-18407,16921,-7736
11640,-4988,1796,-19121,28185,-6207
-7180,-9396,25216,-7724,22120,-8253
-6020,-3528,21796,-12709,-2013,-1805
-2044,152,17012,-4279,1506,-731
-4044,1896,17920,-1897,722,-176
-4276,2052,17692,-1038,424,192
-4052,2532,17436,-382,52,372
-3772,2684,16768,-270,-411,279
-3904,2292,17024,-164,-698,318
-3700,2384,16976,504,-750,431
-3724,2620,16760,-21,-209,348
-3724,2680,16948,-328,-42,249
-3512,2776,16812,-583,243,86
-3356,2580,16344,-969,680,-145
-3164,2456,16140,-1200,1091,-274
-3608,2512,16488,-909,1472,-336
-3432,2288,16352,-1513,1924,-718